1101
329
160
106
69
63
69
47
43
58
28
41
46
38
34
42
55
39
48
34
40
30
32
26
20
24
29
30
29
34
48
37
37
30
33
50
49
44
39
42
35
34
41
40
39
24
37
37
32
39
37
54
52
34
25
42
33
30
19
34
25
17
27
24
21
26
23
27
20
19
25
22
28
26
31
25
19
29
37
30
23
24
18
29
20
35
30
32
34
42
42
35
32
31
37
27
29
19
22
24
31
16
24
30
24
24
22
18
24
25
19
19
19
24
23
27
31
16
26
17
21
26
28
31
21
34
42
54
43
60
35
40
37
39
27
37
42
33
44
42
33
39
39
41
49
40
39
35
36
31
31
35
38
27
36
17
21
25
21
30
30
27
18
16
27
21
39
38
42
34
50
52
40
41
58
54
77
107
153
317
853
305
169
116
68
58
56
38
53
41
46
38
25
36
23
30
29
32
23
30
29
31
31
26
23
19
31
36
54
31
35
35
44
46
42
38
39
45
39
34
40
49
29
38
31
36
39
27
33
45
34
39
40
45
45
40
30
27
24
24
24
20
18
19
19
21
30
17
20
21
23
20
36
23
29
20
17
29
31
30
28
31
29
28
25
35
26
30
39
41
40
38
37
31
33
33
24
25
30
22
21
22
35
18
19
23
17
19
16
19
22
21
23
25
24
24
33
15
24
32
29
28
23
19
23
31
32
51
49
75
49
35
38
24
35
39
31
47
32
39
32
33
42
35
35
46
39
30
34
34
45
31
24
26
30
15
22
29
26
29
23
29
22
33
41
37
33
40
36
34
42
51
46
53
61
67
101
112
174
359
