58
48
50
44
49
49
39
51
38
48
58
46
72
53
53
58
47
52
51
59
56
55
54
67
72
73
53
77
56
67
74
61
67
84
80
76
87
73
90
78
86
88
87
87
107
100
103
97
120
98
122
95
104
127
129
144
149
177
187
197
157
151
195
191
143
131
96
104
94
90
77
84
77
88
68
62
60
70
49
53
59
52
58
48
40
40
42
54
39
48
46
42
47
27
41
30
36
26
37
44
36
32
36
42
33
27
33
31
26
25
26
28
24
26
31
25
28
24
24
20
20
25
34
34
29
27
26
25
18
27
34
19
23
21
25
25
33
25
33
25
22
30
24
28
24
34
24
21
40
30
36
37
49
40
35
37
39
45
51
49
55
46
60
51
63
46
79
83
92
78
80
97
123
137
126
171
169
187
182
180
158
151
183
179
167
159
129
122
129
106
105
92
96
74
73
46
65
54
62
66
45
56
54
48
41
42
37
44
43
33
48
35
30
18
35
31
30
21
28
25
20
38
27
36
28
30
27
25
31
19
21
30
25
20
22
23
21
25
24
19
30
30
27
26
20
35
30
28
33
28
25
23
29
31
32
26
30
41
39
41
45
32
37
24
33
26
34
40
40
45
32
44
47
41
44
49
55
51
51
53
46
48
53
49
65
56
80
73
86
76
83
61
85
100
109
112
146
175
197
165
165
204
189
172
161
147
139
130
121
119
112
110
102
103
98
89
90
97
105
91
85
110
94
86
77
67
71
79
76
65
68
66
65
65
61
61
44
63
54
62
74
41
62
59
43
45
45
56
47
41
43
49
45
51
34
44
48
44
46
57
