796
240
168
106
97
82
76
76
72
65
61
60
43
44
36
41
53
26
36
40
44
36
37
28
27
31
27
37
26
22
30
28
18
25
35
24
22
26
29
19
22
19
21
25
16
15
19
20
24
19
27
13
15
12
12
21
22
18
17
16
16
18
21
25
15
11
10
16
15
20
15
15
15
15
13
10
13
18
22
21
22
17
12
18
15
14
15
18
15
18
16
14
18
12
23
17
19
13
19
17
11
16
12
20
23
8
10
16
15
14
14
14
14
16
14
15
15
16
16
20
19
26
17
20
19
11
17
14
20
7
18
19
8
18
16
21
23
22
22
18
16
17
22
27
24
27
25
23
18
26
22
19
15
26
25
28
20
25
24
32
39
31
45
42
38
51
48
51
65
73
79
89
96
96
112
129
159
209
263
397
943
435
241
194
150
115
113
109
99
70
76
66
73
50
50
50
59
40
36
35
49
32
27
21
24
27
26
17
20
26
16
29
21
19
36
25
22
23
26
17
16
15
14
14
16
17
15
26
15
20
17
21
19
12
16
18
14
20
15
13
20
17
11
11
11
14
17
16
16
15
15
9
14
17
12
12
12
11
13
16
12
10
13
11
16
19
14
16
9
22
28
6
20
13
19
17
19
7
12
14
13
14
16
12
16
13
21
13
10
15
17
16
19
21
12
19
12
15
19
22
27
24
18
21
25
21
22
17
23
17
16
24
23
18
19
12
22
21
15
28
20
22
32
33
24
23
23
15
31
21
36
23
24
27
43
33
30
29
41
34
33
36
30
44
42
42
40
54
43
62
58
75
63
86
88
106
89
104
159
268
