4170
1007
527
361
243
211
165
164
131
134
96
118
121
109
102
110
113
106
100
92
92
71
89
68
70
76
80
91
88
89
109
93
100
79
75
98
108
84
93
81
73
76
85
74
89
65
80
78
75
74
90
106
90
68
60
69
58
60
48
61
47
40
56
40
38
49
47
51
29
41
44
35
44
37
48
36
34
37
54
47
34
39
30
46
39
48
49
57
57
66
66
65
53
49
55
41
51
35
34
36
52
27
38
47
43
37
39
27
32
39
38
35
40
40
38
40
49
40
50
33
36
47
50
51
54
61
67
99
78
93
82
81
80
80
66
76
73
72
94
90
81
93
93
89
100
102
84
90
91
82
74
73
90
73
77
65
82
63
51
68
67
62
59
65
72
49
90
89
106
85
100
107
106
108
140
173
248
305
478
892
2881
858
486
357
219
167
159
113
112
103
109
104
78
78
74
79
81
75
64
83
70
70
80
76
76
60
71
92
107
95
80
93
92
94
97
93
91
109
77
66
79
92
77
88
71
75
80
63
69
89
88
87
74
74
75
67
57
53
56
53
57
39
31
47
44
43
45
38
40
31
39
39
54
33
40
29
29
44
44
45
40
43
43
49
39
49
49
50
72
71
66
64
52
54
51
45
40
44
47
37
45
35
51
34
29
45
42
33
32
34
35
31
36
43
42
40
58
50
42
56
55
53
53
49
53
67
58
86
84
115
96
70
73
63
72
73
75
79
65
84
90
85
108
81
93
112
105
80
91
97
93
84
78
72
85
67
69
74
60
62
71
70
81
79
99
85
90
102
105
118
120
126
127
139
167
204
304
342
567
1164
