1469
548
283
223
158
133
147
115
82
75
82
78
70
49
42
59
51
33
37
37
41
44
24
32
26
28
32
27
32
27
30
23
24
22
21
11
18
13
13
17
19
18
25
21
20
14
14
17
19
17
15
16
20
29
28
29
22
12
20
24
21
24
17
18
28
16
17
9
16
17
7
15
15
12
13
17
18
17
20
20
27
10
18
19
19
18
18
18
24
24
12
18
17
18
27
13
18
24
15
15
17
22
14
20
24
12
13
20
18
15
25
15
14
17
10
19
16
15
12
19
20
24
21
30
12
34
15
23
16
23
14
18
24
22
35
14
19
15
19
21
28
10
18
19
12
24
33
26
20
22
37
25
27
30
32
28
21
29
28
24
36
42
43
53
45
61
44
63
58
57
78
73
103
111
134
140
185
215
419
887
2335
948
430
268
191
156
125
104
90
83
62
65
60
38
45
48
51
39
50
53
29
45
38
29
19
25
36
25
36
24
24
19
19
25
23
21
22
25
26
19
17
18
17
14
12
31
18
22
21
13
14
23
18
18
28
25
31
16
22
17
21
21
14
16
18
12
23
16
9
17
13
15
16
13
15
21
18
16
20
21
22
17
24
22
20
19
18
14
20
23
19
24
20
19
18
14
11
20
14
17
12
18
16
26
25
20
8
10
15
15
8
15
12
18
17
17
21
11
12
16
12
25
21
14
19
27
20
14
23
27
20
25
11
19
22
21
17
15
14
25
22
21
31
23
25
30
24
28
23
25
19
25
20
28
17
28
27
36
37
38
35
40
44
51
53
41
60
58
54
74
75
89
98
112
143
146
148
228
287
558
