10
8
2
4
4
6
2
5
3
1
1
2
2
0
1
3
3
3
3
1
1
0
2
3
2
1
2
5
3
0
2
1
7
1
3
5
4
3
3
4
6
8
6
2
7
7
10
9
5
8
2
7
6
11
8
10
7
11
11
11
11
10
15
9
8
10
15
10
14
12
14
15
11
11
7
7
6
2
3
7
4
6
5
4
7
6
4
6
6
5
2
5
2
0
3
0
3
3
3
2
3
2
2
3
2
1
1
2
3
1
1
1
4
1
3
2
1
2
1
4
5
1
2
1
1
3
7
3
2
0
0
1
5
2
1
3
3
1
0
2
1
4
3
2
4
5
2
1
3
2
2
4
3
1
0
4
2
4
3
3
4
1
2
5
3
4
7
2
4
6
6
7
4
8
9
4
7
4
10
14
24
16
10
10
10
6
5
5
11
4
7
6
5
8
11
4
7
6
4
1
2
1
3
3
3
2
3
4
1
5
4
4
3
1
2
0
2
0
2
1
1
1
3
1
1
0
6
1
1
4
3
2
2
2
2
3
4
1
4
1
3
0
0
5
3
1
4
0
5
4
1
1
2
3
3
2
2
2
3
2
1
7
3
2
4
6
6
1
3
5
4
9
2
5
5
2
0
3
4
10
5
4
11
6
14
11
1
9
7
8
12
6
8
8
11
10
9
16
12
14
16
13
14
8
10
14
12
12
8
12
8
8
7
2
7
5
1
1
4
3
4
8
9
2
5
2
4
8
2
2
4
1
4
2
3
0
2
3
4
5
2
1
1
1
2
0
5
2
4
4
6
2
3
1
8
3
2
2
3
4
