1052
394
167
95
59
50
33
26
26
27
16
19
13
9
14
16
23
15
17
17
9
16
23
8
19
9
20
13
9
15
12
15
8
8
10
9
13
7
9
10
7
7
6
6
6
9
8
9
6
3
5
4
5
5
4
6
2
5
5
5
4
5
7
8
10
4
5
7
2
4
3
2
4
5
4
3
2
5
4
4
5
3
7
8
6
6
5
13
6
9
9
7
14
10
5
6
7
3
3
5
4
4
4
6
4
2
4
3
8
5
6
4
0
4
5
6
3
7
6
3
4
8
2
4
0
6
4
7
2
4
2
5
10
3
7
9
6
7
7
12
7
10
5
2
6
8
7
7
8
12
12
15
13
26
17
11
13
16
19
14
9
14
19
14
10
9
14
11
8
13
15
13
22
38
21
45
41
73
156
393
854
352
157
67
47
53
41
24
22
18
17
14
10
21
7
16
12
13
12
10
15
15
13
6
14
14
18
16
14
11
6
9
3
8
13
7
10
7
5
6
2
4
7
4
4
6
11
5
6
6
2
1
2
1
9
5
5
7
4
3
4
5
7
2
7
7
5
7
5
7
2
3
3
1
5
4
6
6
3
5
6
4
7
6
4
8
5
7
9
10
14
8
3
14
6
7
3
5
2
6
8
8
3
2
5
5
7
3
3
4
2
8
6
2
5
7
2
7
2
4
5
2
7
2
0
5
7
3
6
4
5
2
5
4
4
3
9
3
7
4
6
10
8
8
12
11
11
12
13
13
9
13
14
23
20
13
18
19
13
16
13
14
11
13
13
10
17
13
8
15
17
22
27
24
37
38
51
81
194
372
