2157
786
445
332
255
214
210
190
151
127
132
129
117
90
79
102
91
72
70
64
70
72
42
62
53
64
60
54
65
48
47
45
44
47
51
22
38
32
49
37
42
30
36
36
45
31
22
35
36
27
31
29
36
49
51
54
44
20
35
44
42
40
35
41
47
32
31
21
28
32
26
27
22
25
28
29
35
28
30
38
43
26
30
34
35
36
38
27
32
48
25
36
33
27
50
30
31
36
26
29
33
41
27
39
35
30
30
35
32
23
41
25
22
28
26
34
38
26
27
38
32
44
41
52
36
55
36
50
33
34
31
28
46
46
52
28
36
39
37
39
44
29
32
37
26
43
51
42
38
38
53
41
45
53
56
56
44
54
50
49
64
75
76
80
75
92
74
99
93
93
138
126
163
169
197
244
288
332
592
1222
3048
1240
598
394
280
250
193
185
162
146
119
100
105
77
82
85
92
67
93
84
49
76
61
62
42
47
65
40
58
41
46
33
38
43
42
39
42
45
44
43
32
31
36
30
31
43
30
38
32
32
26
38
35
31
46
46
54
39
35
38
43
44
29
29
34
24
29
24
22
31
24
30
32
27
32
33
46
31
29
33
36
35
35
36
40
43
35
32
33
37
35
37
30
29
35
29
32
31
31
28
27
28
30
45
40
38
15
18
27
31
19
24
24
30
32
31
33
32
30
35
27
42
36
41
35
45
44
37
35
46
41
40
25
40
42
37
33
37
34
44
43
36
52
49
44
48
48
50
42
50
48
33
51
57
43
55
54
68
78
61
58
69
82
83
86
91
95
97
88
131
123
140
154
168
214
220
247
326
419
824
