1287
560
373
302
255
228
234
195
205
184
191
182
186
172
204
184
190
175
169
193
180
167
194
198
206
173
207
195
186
199
226
205
210
193
183
198
229
200
242
285
352
354
265
297
305
356
390
391
380
371
424
456
459
490
523
589
626
733
783
785
864
891
871
800
846
831
763
689
655
646
534
523
439
453
442
384
418
328
320
277
300
292
242
227
187
190
184
171
179
190
197
184
188
181
172
170
145
139
145
137
140
145
136
133
124
125
109
141
137
109
129
125
139
147
148
142
155
166
159
175
238
183
183
164
167
148
167
142
139
127
124
110
138
134
130
122
132
117
114
133
154
146
139
160
170
160
166
162
166
160
135
150
170
163
174
207
216
240
200
257
264
326
388
375
371
360
445
468
461
542
615
632
653
728
869
916
1089
1225
1717
2875
5466
2945
1695
1270
1089
963
862
743
757
627
591
559
470
466
439
375
382
382
408
318
264
285
218
233
199
191
192
181
155
186
162
161
183
176
149
168
150
160
150
135
158
127
149
125
145
122
148
134
117
156
116
129
103
124
149
173
158
148
181
196
198
162
175
198
177
165
148
143
131
159
133
144
147
139
129
133
115
141
127
123
137
158
179
178
209
148
161
187
168
183
176
190
217
181
186
207
198
230
252
281
291
296
285
372
418
421
436
408
426
506
609
620
654
672
825
771
813
814
894
861
870
817
772
779
689
693
533
483
502
425
377
418
339
391
370
329
298
283
271
316
340
265
207
238
222
186
207
212
200
186
205
187
202
205
186
176
198
190
188
162
174
147
177
171
201
182
192
192
151
189
195
192
188
198
228
256
276
267
387
598
