1670
443
178
126
152
164
128
71
63
60
66
46
34
35
25
13
16
23
23
16
20
8
13
11
10
12
10
12
9
3
14
15
7
8
4
4
10
13
11
6
8
6
10
8
10
9
7
4
6
7
3
6
10
5
4
7
7
10
9
6
6
7
9
3
5
8
1
7
4
6
2
5
4
6
10
11
7
9
6
1
4
5
6
5
7
6
4
1
6
6
7
7
8
4
6
3
5
6
8
3
5
5
4
3
10
6
3
7
4
6
6
5
3
2
12
9
11
10
4
11
11
12
7
6
11
8
9
8
7
4
6
5
4
14
7
9
10
9
12
6
8
6
13
9
3
5
8
9
13
6
11
14
6
13
8
12
12
11
12
19
17
13
17
16
27
25
26
30
25
41
46
41
54
45
72
80
134
138
197
391
1285
386
196
135
120
77
58
55
38
40
60
50
19
26
25
25
21
18
13
9
14
12
6
15
7
10
8
11
12
8
7
3
16
8
12
8
6
7
13
9
5
3
1
10
5
10
7
3
5
11
9
9
4
7
6
8
6
10
13
3
8
9
7
9
3
6
8
6
3
8
4
3
4
3
5
6
3
0
7
7
3
6
4
6
7
7
5
9
4
5
9
5
5
5
6
1
5
4
2
4
11
10
3
5
5
11
10
6
6
10
4
8
2
8
7
6
6
5
7
4
9
6
7
4
10
8
9
12
9
9
11
4
3
8
7
6
4
10
7
7
10
6
11
12
11
2
11
7
6
14
16
8
11
9
14
13
19
15
12
20
30
20
14
15
15
25
23
31
33
54
47
58
62
77
138
168
147
121
201
490
