294
107
59
42
28
31
28
22
17
14
17
18
17
14
15
16
8
9
12
8
6
15
7
10
4
8
12
4
8
4
8
11
11
9
9
19
20
17
15
14
24
19
20
21
9
20
12
9
13
10
14
9
2
8
10
6
7
7
11
15
10
13
5
4
12
4
3
3
6
6
4
7
3
10
5
7
5
11
10
7
9
8
3
9
7
9
4
4
12
12
8
5
9
6
9
6
8
4
9
5
9
2
8
8
5
6
10
5
5
7
5
13
8
9
6
2
5
7
8
4
8
8
8
3
9
8
9
11
10
14
6
14
8
14
10
14
13
12
9
14
19
12
27
16
24
18
14
15
27
18
15
13
10
11
12
8
9
6
8
10
9
17
18
11
11
16
20
14
15
23
15
18
23
16
18
23
26
43
76
92
276
101
53
42
32
27
17
10
23
17
28
16
16
14
19
18
13
13
14
6
10
9
10
7
10
17
4
10
10
14
16
19
17
20
11
13
25
24
22
17
12
16
18
15
15
6
3
10
7
13
6
10
13
13
7
7
5
8
9
6
6
5
6
4
6
4
8
7
4
6
5
8
8
14
9
4
3
7
8
7
8
3
8
7
11
8
5
4
8
7
5
6
4
5
6
4
4
9
7
7
10
7
8
6
10
11
10
6
6
4
6
5
4
7
6
5
4
10
13
8
11
10
9
9
17
11
13
8
12
13
15
9
10
12
13
11
17
20
24
25
15
17
13
12
19
22
22
14
12
7
7
8
5
8
4
11
7
12
9
10
10
13
13
19
14
14
22
13
19
17
14
20
16
18
24
30
43
50
79
93
