69
34
19
19
15
8
11
6
10
6
9
10
5
8
5
6
5
6
4
4
7
2
2
5
5
7
6
4
8
5
7
13
4
3
3
4
5
7
1
1
5
7
4
6
3
3
3
0
6
2
1
3
3
1
3
6
2
4
9
6
6
4
5
6
4
5
6
5
3
4
1
5
8
4
4
4
5
5
6
12
11
6
8
5
6
13
4
7
17
11
9
18
15
13
15
14
20
16
5
12
14
17
17
17
13
14
10
15
16
12
17
13
8
14
14
18
16
21
17
19
28
27
17
18
18
12
13
11
12
11
8
12
12
12
9
13
7
11
11
9
4
8
4
6
5
7
4
4
2
3
3
3
4
6
7
8
0
4
3
1
5
5
2
3
3
3
4
6
8
5
3
1
10
6
6
8
1
10
11
26
40
17
5
10
10
7
6
5
3
5
1
6
5
3
2
5
2
4
6
3
5
0
1
4
3
5
3
5
6
5
4
3
2
8
7
7
3
4
7
7
3
8
6
10
10
14
11
12
9
11
11
14
11
22
10
20
15
24
14
18
18
20
21
13
21
17
16
14
11
14
12
12
20
14
10
12
16
14
11
7
14
17
11
7
13
10
9
12
11
15
14
15
8
13
7
6
10
4
16
2
3
3
8
4
8
8
6
5
3
4
4
3
3
9
6
3
3
3
2
3
6
4
3
7
7
2
3
2
1
4
5
5
4
3
1
4
3
6
1
6
3
5
1
2
4
1
4
5
2
5
4
7
3
2
7
2
3
7
6
3
8
6
6
4
3
4
6
6
9
6
5
13
9
15
5
13
13
21
13
31
