35
24
23
20
15
16
24
22
21
18
16
32
15
17
21
22
13
13
12
17
12
14
18
13
15
15
17
20
30
20
17
17
16
21
18
12
21
17
15
22
7
20
17
15
19
16
18
27
17
15
21
9
19
23
14
22
18
21
20
27
45
34
19
21
30
17
21
25
14
15
16
15
15
14
7
10
8
6
10
4
2
15
17
17
11
7
10
9
6
10
13
12
11
4
14
9
7
3
8
10
10
7
8
8
7
6
7
13
5
4
5
7
6
4
2
4
11
4
9
2
7
11
4
2
3
3
9
6
5
2
8
4
1
7
10
7
4
5
10
6
5
11
8
8
7
9
10
14
6
7
9
7
8
8
11
10
6
12
10
15
7
9
14
8
10
8
11
6
10
9
12
7
11
6
8
7
15
18
20
23
36
20
14
16
13
15
12
16
7
9
8
7
8
3
4
7
8
7
12
9
14
12
18
8
9
9
11
6
6
13
11
12
5
13
8
14
7
6
5
11
8
7
8
4
3
5
9
6
5
8
9
5
2
3
3
10
4
4
6
5
1
7
3
3
10
8
7
10
7
6
7
9
2
10
5
11
4
6
8
4
7
8
7
11
4
13
10
10
6
9
10
10
10
13
12
10
7
18
10
12
9
6
5
12
12
12
10
16
10
11
16
21
17
21
22
20
26
25
23
31
28
21
30
17
17
20
25
16
17
13
12
14
19
16
22
13
12
17
15
19
16
16
23
19
13
17
12
20
18
23
19
31
18
14
18
13
11
18
23
17
22
20
12
12
22
23
20
19
14
22
21
10
19
23
24
16
14
20
19
32
