148
44
29
24
18
13
16
7
21
14
14
8
9
13
11
13
10
11
8
11
13
9
14
14
14
5
8
11
19
8
8
11
14
11
4
6
4
6
5
7
8
6
7
6
7
8
9
9
9
10
7
6
7
7
7
7
3
5
9
5
6
2
6
12
5
9
8
6
7
11
7
6
7
9
8
11
11
6
4
6
7
10
8
6
10
11
6
5
5
7
6
5
7
6
1
7
5
6
3
3
7
6
3
5
6
7
11
7
10
9
6
4
5
10
6
7
1
7
9
6
4
9
6
9
8
4
6
4
2
15
6
10
6
5
10
10
6
11
11
9
4
6
5
7
6
9
4
5
6
6
7
8
6
9
10
11
8
9
8
17
9
6
9
5
19
8
21
21
17
31
27
39
58
81
98
93
108
120
147
242
308
201
157
131
111
95
89
96
65
28
30
22
16
8
10
19
11
12
12
11
12
6
10
8
14
9
11
8
12
10
9
9
3
7
9
5
9
4
5
4
3
6
5
12
8
9
8
8
8
7
10
5
10
5
7
12
13
5
9
7
11
6
5
5
5
7
5
9
10
10
9
4
7
10
11
5
9
7
7
9
6
6
9
8
7
7
6
8
3
8
5
6
5
5
8
5
4
2
5
4
10
7
9
4
3
4
2
7
8
6
10
2
4
6
10
8
2
7
11
9
10
9
7
11
6
9
7
12
8
11
7
7
5
7
9
8
6
11
11
6
10
13
8
10
15
6
9
5
8
8
8
7
5
10
10
12
17
15
11
10
14
7
6
7
12
8
12
8
13
11
18
6
16
4
13
14
19
17
32
42
