723
389
259
283
222
187
204
172
136
148
156
157
142
150
146
148
159
135
148
146
142
136
123
142
119
123
123
134
122
112
105
94
96
136
107
94
99
92
110
90
90
88
88
87
80
88
88
73
65
69
69
77
84
84
83
84
85
85
92
104
97
93
74
102
94
78
64
80
85
96
83
78
58
85
69
64
78
66
77
77
96
78
66
69
89
73
78
79
89
80
99
95
77
89
91
113
102
95
100
97
103
106
112
96
90
104
98
99
97
92
104
96
78
97
101
82
116
126
122
148
151
128
122
106
84
89
94
86
104
75
92
89
82
92
81
83
75
96
89
78
78
84
80
76
81
70
90
76
85
76
67
74
80
75
85
71
70
71
60
96
70
79
71
93
85
73
76
70
85
90
97
103
82
82
97
122
156
207
229
306
582
322
224
182
144
122
140
107
99
88
83
99
84
86
82
104
80
76
77
68
89
75
92
76
85
79
80
79
78
77
84
66
72
67
82
80
96
73
96
70
66
75
91
83
85
97
89
60
72
76
87
90
93
94
84
85
105
114
120
146
148
135
112
143
100
100
87
87
67
107
96
104
94
94
130
107
100
98
98
92
94
100
104
89
99
73
97
80
86
85
76
97
77
91
91
88
94
94
98
66
77
79
70
93
73
82
77
62
69
86
64
62
73
84
73
77
94
88
73
80
102
85
85
96
101
106
103
82
70
90
94
70
91
98
103
87
79
99
90
106
110
117
99
121
113
108
121
133
135
137
122
131
111
119
131
105
114
141
147
176
126
117
142
156
155
144
160
145
163
154
168
153
154
171
149
192
227
246
283
373
