919
441
277
240
212
179
177
119
116
132
116
139
105
100
112
108
126
116
95
100
108
95
93
104
113
96
101
101
113
101
115
103
100
122
100
110
94
123
95
105
111
109
115
102
118
108
106
107
107
114
104
127
122
119
116
144
147
124
147
174
189
149
141
147
141
126
125
119
140
133
142
130
121
148
149
130
146
131
135
134
138
95
102
113
101
113
106
78
114
115
114
115
120
106
129
108
106
108
94
109
101
94
92
70
83
88
109
92
83
83
85
69
79
61
87
94
88
100
101
124
129
126
127
105
99
128
133
113
88
83
76
87
122
107
106
92
93
92
99
96
96
88
95
109
123
106
108
102
102
112
116
121
107
137
128
104
111
104
123
122
141
139
127
138
153
154
161
161
175
178
170
176
170
187
181
188
222
250
288
379
694
402
286
253
223
206
174
150
169
165
157
159
144
167
154
126
155
141
161
138
126
138
105
122
110
131
88
102
107
114
98
131
111
104
111
96
120
104
90
115
97
79
90
85
98
71
91
77
85
72
100
83
93
91
106
106
114
139
118
131
107
115
110
105
114
99
84
91
84
83
86
103
81
106
87
94
82
84
85
106
82
86
103
123
100
96
106
112
118
124
135
140
133
111
125
116
102
131
142
120
138
158
127
122
130
118
142
144
139
132
157
150
140
146
143
159
154
130
151
133
211
170
161
134
126
116
128
138
121
120
117
127
131
126
114
120
111
123
96
105
99
99
121
110
102
99
104
111
115
113
110
85
115
108
104
92
96
112
107
116
111
92
103
91
98
97
86
110
110
118
117
129
120
150
143
189
189
255
285
386
