33
12
16
22
18
14
7
12
11
13
5
12
13
11
17
12
9
13
12
14
16
11
13
16
13
14
19
19
11
12
17
28
17
20
28
14
15
22
27
18
20
27
17
23
34
36
29
44
33
46
46
43
47
57
81
68
74
81
74
76
104
73
66
66
71
98
56
52
52
37
49
46
43
26
26
18
35
31
20
29
24
15
16
14
14
15
13
17
18
15
12
12
12
9
17
16
19
14
13
15
15
16
7
19
13
21
16
20
10
13
10
11
10
8
10
15
14
16
10
8
11
11
10
14
8
12
14
19
15
15
16
16
20
12
12
13
3
11
11
10
7
16
12
14
10
12
5
13
10
21
16
15
18
19
30
9
17
25
23
22
30
18
34
28
32
34
44
35
56
41
58
55
34
52
62
93
93
74
79
93
93
73
74
71
81
87
63
57
44
48
61
45
47
30
32
36
31
29
33
22
21
16
23
27
20
20
20
24
24
13
21
20
13
13
11
22
19
10
9
22
12
18
17
18
13
10
18
19
13
11
17
13
13
11
18
14
17
11
16
10
9
9
9
13
12
14
5
14
10
20
11
7
5
10
7
15
16
15
7
10
7
5
12
16
10
13
9
7
11
22
13
28
14
18
12
16
22
12
16
19
26
24
30
32
29
29
29
28
39
40
51
56
50
56
65
81
73
72
76
93
90
77
79
66
56
80
75
62
45
55
53
38
41
48
30
31
28
38
30
16
22
17
21
19
17
25
19
28
23
21
19
10
16
17
20
12
20
19
13
16
18
20
13
15
17
25
16
16
13
8
4
12
13
8
9
14
15
15
11
13
