36
35
28
23
36
29
24
20
22
30
22
18
21
25
22
26
31
24
24
33
27
37
32
29
25
36
29
32
26
42
35
30
28
34
30
35
32
36
36
35
24
33
37
27
43
33
27
17
44
51
26
32
34
24
28
20
21
16
20
22
22
19
13
20
13
12
17
14
13
18
16
11
11
17
14
17
9
16
10
16
13
11
9
10
8
6
10
12
6
15
8
6
10
8
12
7
9
4
9
11
8
5
5
9
4
5
1
6
5
10
6
3
9
11
4
11
6
7
3
5
10
5
8
5
4
9
11
7
5
6
7
11
6
7
7
9
9
18
8
6
10
11
9
10
13
6
10
4
8
14
8
10
9
15
15
18
12
8
10
20
7
14
10
12
20
7
12
10
12
17
15
15
17
13
18
12
15
20
7
21
22
26
20
21
12
15
10
18
12
18
15
17
13
20
17
16
12
12
14
13
11
15
7
10
11
11
14
15
9
11
8
7
10
11
12
12
11
7
11
7
10
11
9
6
5
9
11
9
9
11
8
8
5
12
10
8
11
9
10
9
12
8
13
15
11
10
10
16
8
9
7
12
11
7
5
8
7
18
10
16
5
13
9
16
11
11
14
8
9
13
6
14
9
13
5
9
7
11
4
11
8
9
13
11
14
15
17
9
19
20
11
11
14
16
13
21
17
11
14
18
13
20
21
21
16
18
15
21
22
30
26
21
28
29
29
17
25
38
34
22
27
26
33
25
29
33
18
37
34
19
23
23
27
29
33
24
23
23
31
24
26
20
23
28
17
27
21
29
12
26
30
25
23
19
23
34
33
21
26
27
