20
8
0
0
1
1
0
0
1
0
0
0
0
1
0
1
0
0
0
1
1
1
0
1
0
0
0
0
1
0
0
1
0
1
0
0
0
0
0
0
2
0
0
1
1
2
3
2
6
3
0
3
3
2
3
2
2
5
0
2
1
2
0
1
0
0
0
1
1
0
0
2
0
1
0
0
0
0
1
0
1
0
1
1
0
0
0
0
0
0
0
0
0
1
0
0
0
0
0
0
0
0
0
0
0
2
1
0
0
0
0
0
0
0
0
2
0
0
0
0
1
0
1
0
1
5
3
2
0
1
3
1
5
4
2
1
0
1
1
0
0
0
2
1
0
1
0
0
0
0
0
0
0
1
0
0
0
0
0
1
1
0
0
0
2
0
2
0
1
0
0
0
1
1
0
0
0
1
9
16
22
6
8
2
1
1
0
1
1
0
0
0
0
0
0
0
0
1
0
0
0
1
0
0
0
0
0
2
0
0
2
0
0
0
0
2
1
1
0
0
0
0
2
1
2
4
3
6
3
6
4
1
1
2
4
2
1
1
0
1
1
0
0
0
0
0
0
0
0
1
0
0
0
0
1
0
1
1
0
0
0
0
0
0
1
0
1
0
0
1
0
1
0
0
0
0
0
0
0
0
1
0
0
1
0
0
0
0
0
0
0
0
0
0
0
0
1
0
0
0
1
2
4
2
5
3
3
3
3
2
4
3
5
3
2
3
1
2
0
2
0
1
0
1
1
0
1
0
0
0
0
0
0
1
0
1
0
0
0
1
0
0
1
0
0
0
1
0
1
0
0
0
0
0
0
0
1
1
1
13
