1257
279
155
85
58
53
46
54
47
33
32
31
16
14
27
27
20
27
18
22
28
13
16
10
20
18
12
15
14
15
9
12
8
12
12
12
20
9
14
9
10
12
8
9
10
8
7
3
5
8
6
8
2
5
9
5
8
4
3
3
0
3
5
3
2
5
4
4
2
4
1
1
4
1
4
1
1
4
2
1
0
4
5
2
2
1
1
4
2
4
4
0
1
6
6
1
3
5
2
1
3
2
1
2
4
2
4
1
5
1
6
5
5
3
4
3
5
5
3
6
1
3
2
3
10
10
6
2
10
5
10
6
10
7
12
6
5
11
11
9
11
12
23
18
18
24
6
17
15
5
17
17
11
15
11
25
15
16
14
13
12
9
16
18
21
14
20
17
25
23
21
28
35
32
43
37
69
64
140
222
794
241
131
77
51
33
52
28
29
33
24
22
18
20
20
29
22
15
17
30
21
18
12
13
16
14
17
16
11
14
17
11
15
11
11
14
10
20
9
7
9
17
12
6
7
8
8
2
9
6
2
2
4
7
5
6
2
4
6
2
5
9
3
6
1
1
2
2
3
1
2
6
4
1
4
3
7
4
2
2
4
2
2
0
2
2
5
5
7
4
1
2
0
1
2
1
3
6
3
4
3
1
1
4
3
3
1
6
3
1
0
1
2
3
4
7
6
6
5
7
5
4
3
5
9
7
4
6
7
6
7
5
3
8
9
6
6
8
5
11
10
12
18
19
20
24
21
16
14
18
7
14
10
6
12
18
14
23
12
13
11
18
19
17
26
22
21
22
25
27
26
25
38
40
48
40
72
92
157
346
