431
146
92
51
63
45
42
39
33
34
32
32
25
32
39
20
33
19
21
26
25
22
26
15
21
29
13
15
20
17
21
22
21
19
20
27
23
16
27
21
26
33
25
39
26
31
22
30
31
31
19
28
26
18
17
13
17
23
20
15
17
15
10
6
5
8
11
8
8
13
10
9
8
5
6
9
11
4
7
7
2
4
4
3
13
6
11
7
9
3
3
2
4
2
6
6
4
9
4
2
5
2
11
3
9
8
8
4
11
10
9
8
6
14
6
8
12
6
14
15
13
7
16
19
20
20
30
23
26
21
28
31
26
30
30
32
36
23
27
20
27
14
27
25
32
26
15
41
28
24
25
11
23
17
19
23
24
22
30
28
21
20
18
22
25
20
24
22
27
28
19
30
28
28
47
18
49
71
100
118
317
111
90
53
36
38
38
32
28
30
24
22
16
17
21
22
16
16
23
22
28
26
18
18
29
26
17
18
16
12
21
21
21
16
27
20
19
31
23
19
12
29
24
27
28
31
25
27
26
27
28
26
16
26
20
22
12
24
17
11
20
7
15
11
7
9
8
12
7
7
10
5
5
6
10
10
8
2
8
8
5
6
5
4
7
8
7
5
4
6
3
6
6
11
5
8
3
4
6
3
9
2
4
5
11
7
7
6
7
6
8
10
10
9
12
8
7
11
10
8
17
8
13
16
21
18
23
28
29
25
24
34
17
31
30
39
33
21
27
30
27
37
28
21
23
42
27
23
32
20
19
17
22
23
19
16
21
26
29
17
26
22
20
27
24
24
25
28
34
23
25
36
38
42
39
42
50
60
95
144
