314
116
66
45
42
30
26
20
23
19
28
19
7
15
16
14
15
14
11
10
10
4
11
8
13
11
9
15
16
13
11
14
17
7
14
8
17
14
13
18
23
27
16
24
25
27
30
48
38
39
51
50
43
28
46
47
63
69
64
63
45
52
42
42
39
41
37
36
24
20
21
24
14
16
11
17
10
17
17
21
16
8
17
14
16
11
10
16
23
18
39
11
27
17
17
13
11
22
12
17
15
10
15
18
22
21
17
14
13
25
31
25
20
27
51
46
32
53
51
52
55
62
77
93
55
56
55
52
53
37
46
43
43
39
50
26
22
29
33
22
19
31
30
15
18
22
18
16
28
22
17
15
14
14
17
19
13
15
11
18
8
16
14
12
13
15
15
14
14
17
12
12
13
17
15
25
34
33
56
103
199
74
58
45
34
23
21
11
18
20
12
16
20
12
14
11
17
12
14
9
12
11
12
17
14
11
14
11
24
16
15
14
13
14
10
14
14
21
27
26
14
14
24
24
31
34
42
45
43
49
48
28
37
44
34
55
72
65
54
42
57
60
43
37
38
29
37
30
25
28
23
31
16
11
13
17
13
15
20
10
12
14
22
21
9
16
13
11
19
21
33
19
21
16
15
15
11
7
12
13
12
11
15
22
17
25
18
15
13
17
28
25
15
31
42
41
51
54
54
57
50
65
92
85
71
62
56
52
54
47
41
50
40
33
45
23
24
32
20
19
30
16
17
10
21
20
24
22
17
21
12
13
19
12
15
13
13
11
9
9
15
9
16
14
14
12
16
23
19
20
17
25
18
16
27
26
39
28
57
120
