2678
834
397
203
201
136
140
110
122
105
102
110
89
112
109
105
95
95
79
63
83
72
71
70
73
77
69
71
79
76
61
81
60
55
90
84
95
96
127
144
206
267
188
153
124
120
110
134
129
142
151
138
134
119
120
118
140
166
143
133
117
129
101
97
84
94
89
75
65
61
72
64
46
52
58
63
63
51
56
58
54
50
59
50
54
56
52
57
76
77
105
55
79
49
68
56
46
65
47
46
54
39
59
54
55
66
64
42
63
71
83
54
53
78
94
96
71
111
113
116
129
116
164
176
141
149
151
137
151
127
117
145
130
134
140
99
120
119
239
233
199
146
133
99
86
93
75
83
89
77
75
56
79
69
80
73
81
71
76
75
67
65
64
69
66
71
78
64
81
75
65
79
81
95
100
83
158
204
326
614
1623
579
338
200
143
132
118
93
86
82
89
71
61
63
63
61
68
70
63
76
78
72
74
63
77
78
76
58
75
65
72
65
65
64
90
74
85
103
151
140
182
206
211
129
112
126
131
131
126
128
138
119
120
129
100
134
155
156
132
94
148
106
110
97
75
87
76
82
70
59
71
69
48
46
56
64
60
55
67
56
60
45
60
53
55
51
57
65
65
84
85
68
70
59
54
57
45
37
48
57
65
37
54
61
63
70
61
55
57
53
83
59
54
72
84
90
95
108
110
104
119
129
183
155
171
139
146
151
148
150
134
140
115
130
129
128
120
146
229
236
204
160
111
99
93
106
92
83
87
72
65
59
87
81
73
67
75
79
73
52
74
60
74
88
84
78
100
89
101
94
95
117
95
105
116
129
161
192
360
769
