541
215
156
112
83
76
68
76
75
86
85
79
84
93
86
81
85
73
89
80
93
78
77
91
101
93
120
107
107
101
97
74
84
79
99
77
60
71
75
73
72
85
65
55
49
70
69
53
64
62
59
47
55
71
57
71
62
53
59
65
73
45
67
64
52
58
55
50
62
59
45
65
54
44
57
44
41
41
47
37
44
52
37
36
48
40
45
51
43
50
52
38
39
34
37
47
47
45
32
54
32
36
45
45
42
50
53
50
63
64
75
53
46
65
52
45
45
51
65
57
64
68
51
48
44
57
61
50
70
55
61
82
55
52
63
63
43
69
67
66
60
62
69
67
72
74
71
66
75
59
79
87
87
90
114
111
105
104
107
98
112
96
109
86
105
104
104
90
90
80
106
94
112
98
84
109
123
113
134
153
258
168
131
98
120
122
97
85
107
85
93
93
89
77
92
111
104
93
103
128
90
114
104
98
96
129
96
92
68
85
70
91
74
69
82
62
60
78
57
61
44
55
58
68
50
57
61
55
58
69
66
62
57
55
65
46
51
47
38
55
65
49
54
39
51
56
44
57
51
62
65
76
61
52
56
47
46
42
38
46
36
43
36
41
38
41
37
37
35
42
48
55
54
41
34
31
36
39
37
55
41
35
52
51
41
41
52
48
46
69
57
58
58
47
45
69
62
56
62
63
71
72
62
49
70
73
66
53
60
65
65
67
60
71
67
56
67
65
69
56
71
67
60
76
69
73
83
79
91
86
90
103
121
90
133
101
82
105
64
89
76
88
97
87
75
78
87
79
98
75
81
69
92
79
75
83
103
126
138
192
