121
43
14
16
14
13
8
7
6
8
8
4
10
8
8
1
3
4
13
8
6
5
9
2
7
13
11
16
11
11
14
10
18
11
10
9
13
12
20
16
13
13
3
11
4
13
8
8
8
5
3
4
5
3
5
3
2
3
4
4
0
1
2
1
2
0
2
3
4
3
1
0
0
1
2
0
0
0
2
0
3
2
0
1
2
1
0
1
0
1
0
3
1
1
0
1
0
2
2
3
2
1
2
0
1
2
1
1
0
2
1
3
1
4
0
0
2
1
1
2
2
2
1
4
4
1
3
6
0
5
9
6
5
5
6
13
11
9
22
21
13
16
10
12
10
20
15
19
10
14
5
6
6
7
4
7
7
3
4
7
8
9
4
6
3
7
8
5
7
5
6
8
4
5
9
7
15
15
16
25
87
28
20
17
15
9
6
9
6
6
8
8
6
8
5
4
4
1
3
3
3
8
9
7
9
4
7
8
13
14
6
7
7
11
11
9
9
8
9
12
13
9
16
16
15
6
7
8
8
4
5
1
7
2
0
0
2
5
2
5
1
3
4
0
2
0
0
4
0
0
1
3
3
0
0
1
0
1
0
1
2
0
2
3
1
0
2
1
2
1
2
1
0
2
1
1
3
2
2
0
2
0
3
2
2
4
3
1
2
3
4
0
1
2
4
1
0
3
2
1
3
6
3
5
2
3
1
4
4
1
5
4
11
9
8
8
10
10
9
12
18
20
21
8
14
13
16
14
17
17
14
14
10
12
7
8
5
7
1
4
11
6
15
2
5
3
4
6
7
5
7
11
8
9
8
15
14
12
21
35
