614
126
87
58
66
55
34
31
14
10
9
19
16
11
4
10
8
4
12
5
8
8
13
15
10
15
16
13
13
6
3
5
4
4
2
1
5
2
2
1
4
3
4
2
0
0
2
4
1
1
0
0
1
1
2
1
5
1
2
0
2
1
2
0
1
0
1
0
0
2
1
0
1
1
0
1
2
0
0
1
1
0
2
0
3
0
1
0
0
0
0
1
0
0
0
0
2
0
0
0
1
2
1
4
1
1
2
0
1
1
1
3
1
0
1
1
4
1
0
2
2
2
1
1
2
0
1
2
5
1
1
1
2
0
3
0
1
1
2
3
3
2
3
1
1
2
5
4
3
3
8
10
10
7
17
9
17
8
3
12
5
6
4
6
6
5
9
8
10
4
6
5
11
19
10
20
22
23
40
65
262
85
62
29
23
19
12
11
10
4
8
5
6
5
6
7
5
5
6
13
9
7
8
12
8
6
16
20
11
10
3
5
3
5
6
3
4
1
3
1
1
1
0
2
0
2
2
0
1
2
2
1
2
0
1
1
4
0
1
1
1
2
0
3
1
1
0
1
3
0
0
3
3
1
0
2
0
2
3
0
1
0
1
0
2
2
1
1
0
3
0
1
0
2
1
1
0
1
4
4
3
2
2
1
1
1
0
2
0
2
0
1
4
1
2
0
1
0
1
3
4
1
1
2
3
0
0
6
2
3
2
2
1
1
1
5
2
1
1
1
5
4
5
1
3
1
4
4
1
0
3
10
7
9
15
17
15
7
11
8
6
6
4
7
7
8
12
9
9
11
6
18
19
23
31
37
49
60
88
142
