22
10
7
6
3
7
5
6
9
7
4
4
8
1
4
2
5
4
3
10
6
2
5
3
1
3
3
3
5
3
5
6
4
2
5
3
6
3
7
0
8
9
4
11
4
6
9
15
19
18
22
19
24
18
14
7
14
15
16
16
13
10
17
22
9
8
11
26
18
28
29
25
10
20
8
6
10
10
8
10
5
6
3
4
3
4
3
5
3
5
3
3
1
3
4
3
1
5
3
3
5
4
3
3
5
6
5
2
4
1
3
2
4
4
8
2
2
4
2
4
1
1
3
1
6
0
2
3
1
5
3
4
0
5
1
1
4
2
2
3
2
2
8
2
3
2
1
4
2
4
1
0
3
2
1
4
7
6
8
4
9
3
3
6
7
2
4
13
11
18
23
36
20
15
17
19
17
19
22
14
25
21
22
19
16
17
26
22
29
29
30
10
16
17
10
8
8
6
5
7
6
2
6
6
6
2
3
5
4
2
5
0
3
5
2
2
3
3
1
2
5
1
2
2
5
2
9
0
0
7
1
2
1
1
7
3
3
2
3
1
3
1
3
2
3
3
2
3
5
0
2
4
1
5
4
5
1
5
2
2
2
2
1
2
2
1
3
0
0
3
2
3
3
4
6
4
2
8
2
3
3
4
8
5
8
5
7
8
11
17
17
27
20
15
17
9
16
18
14
13
15
16
18
17
15
13
11
16
15
21
29
25
20
11
15
7
11
7
7
8
5
4
3
7
3
10
3
4
3
6
0
3
5
2
1
2
1
1
1
4
5
6
5
5
8
3
8
6
9
2
4
4
8
7
3
12
6
6
10
8
