169
55
33
25
24
27
16
27
23
24
20
22
26
19
20
19
15
12
30
21
15
22
13
29
18
26
22
22
19
15
20
17
11
20
20
12
10
17
19
8
15
9
14
25
17
14
14
8
13
16
14
17
12
16
6
21
18
9
10
12
19
11
15
18
16
25
17
16
24
12
21
11
19
16
23
20
21
28
26
25
25
35
23
26
27
32
18
36
28
32
38
28
31
23
28
29
32
33
31
28
34
35
49
35
36
39
57
68
76
72
61
68
82
86
87
95
98
100
79
110
85
111
72
87
61
67
81
63
71
58
54
45
51
45
32
30
27
29
32
26
31
21
28
34
32
18
30
39
26
30
28
35
29
28
25
32
31
24
18
20
20
23
21
14
11
8
13
8
12
16
17
17
8
16
6
10
23
10
23
45
95
34
23
15
10
12
15
13
14
12
20
11
17
13
14
14
12
19
19
26
14
28
13
19
20
29
17
31
22
29
25
32
36
32
28
22
28
19
26
27
32
26
29
28
36
36
45
31
53
49
46
73
67
67
87
78
68
96
105
81
104
86
106
96
91
87
67
74
65
72
89
68
63
56
49
49
43
36
38
29
35
30
37
36
32
29
31
37
27
27
44
33
38
40
34
30
25
31
29
38
28
18
34
17
24
19
33
21
7
18
16
8
15
10
10
12
16
17
20
14
12
7
19
12
14
11
12
15
14
18
21
11
11
12
10
16
14
17
11
13
14
16
13
17
16
16
16
12
7
14
18
13
18
23
14
25
18
18
19
24
20
23
20
12
30
15
22
17
22
15
28
25
33
25
24
23
29
32
31
51
