3009
1201
670
419
344
310
250
251
248
204
223
194
206
218
229
208
216
200
173
185
172
176
200
197
169
188
197
188
200
241
191
203
178
166
170
187
195
158
149
148
185
181
143
152
133
166
152
139
161
170
167
173
141
164
191
200
175
262
306
551
730
560
361
245
205
192
178
157
167
158
161
168
121
139
136
142
121
143
125
147
135
128
119
124
141
127
159
144
172
179
188
155
157
158
161
123
121
129
139
138
164
140
122
130
128
151
147
130
118
152
127
150
149
179
162
188
188
235
387
473
705
491
383
264
232
199
187
164
169
143
163
154
156
132
134
122
109
146
156
146
144
152
135
135
120
119
152
157
175
134
161
177
166
144
161
164
165
178
151
147
148
196
175
131
154
160
158
187
146
183
179
166
194
208
189
212
249
323
510
991
2133
1004
561
320
258
230
206
211
180
176
174
185
168
169
188
175
170
159
152
153
160
154
138
164
154
182
165
182
160
154
175
139
177
164
161
151
128
155
147
141
133
145
142
140
107
124
129
134
123
159
168
156
153
166
148
186
201
270
342
491
646
489
356
273
199
211
160
166
135
146
137
138
135
116
140
139
135
139
127
135
110
155
129
139
127
144
153
136
118
157
164
167
154
161
145
137
153
144
119
117
127
143
117
135
128
145
136
159
163
144
133
108
165
163
170
182
210
233
318
520
753
563
345
262
213
196
190
147
169
178
147
161
166
151
131
143
124
147
151
165
148
160
143
148
169
167
179
179
173
191
187
207
204
197
195
203
187
212
204
216
214
226
205
184
193
199
203
215
199
247
225
215
247
261
254
296
337
416
679
1175
