105
21
16
13
8
10
17
9
10
13
7
5
7
7
7
5
10
9
4
4
9
4
7
6
5
9
4
4
2
7
1
1
3
6
0
4
2
2
3
3
8
8
7
0
6
2
1
5
4
0
2
1
0
2
1
1
2
1
0
1
1
1
1
1
0
2
1
3
2
0
1
0
1
3
0
2
0
0
2
0
1
0
1
1
2
0
0
0
1
0
2
0
1
0
0
0
0
1
0
0
0
0
1
0
0
1
1
1
0
0
2
0
0
1
2
1
1
2
0
0
1
1
0
1
2
0
1
2
2
0
2
1
0
4
1
1
4
4
2
7
3
0
6
3
3
2
1
2
6
3
4
2
6
2
2
3
8
4
8
3
2
4
4
11
0
7
5
7
12
10
8
9
13
7
15
9
14
13
11
13
23
17
15
11
14
9
11
12
16
8
6
9
8
9
9
2
5
11
8
8
3
3
7
11
4
6
2
5
1
3
4
2
2
2
1
3
1
4
3
3
7
11
4
4
2
1
2
0
0
1
0
1
0
2
1
1
1
0
1
0
0
1
0
2
3
0
0
0
1
1
2
2
0
0
0
2
1
1
0
0
0
0
0
1
0
1
2
0
3
1
1
0
2
2
1
1
0
3
2
0
1
2
2
1
0
1
0
1
1
2
2
0
1
4
4
3
4
0
3
2
0
1
1
2
3
1
4
4
2
2
3
3
4
3
6
3
2
4
2
1
3
2
4
1
4
3
5
3
2
5
4
1
4
2
6
3
4
4
6
4
9
6
7
10
6
4
9
3
5
8
11
16
11
12
12
15
16
18
9
16
