1726
482
218
150
154
153
114
104
91
79
78
79
98
104
101
83
76
68
73
67
72
66
73
61
74
60
66
81
76
63
56
74
67
68
80
68
65
57
66
75
84
70
68
63
67
86
75
67
61
63
70
67
57
72
68
81
82
65
88
83
72
84
73
87
75
73
72
81
81
85
100
98
85
118
116
127
125
141
146
154
157
148
129
160
160
152
168
216
219
264
222
212
203
195
160
157
146
132
138
142
121
121
111
133
103
104
98
101
90
88
98
83
68
87
72
90
76
64
90
89
106
105
77
73
80
68
77
71
78
59
67
47
55
53
64
56
86
55
63
67
50
70
71
54
61
66
60
66
62
66
56
54
55
71
77
64
70
75
80
76
63
77
76
69
88
50
78
87
96
68
85
83
83
101
110
126
166
178
261
439
1148
459
269
161
181
133
100
90
81
91
77
80
88
72
77
72
76
66
58
59
81
77
68
73
52
61
63
64
64
64
57
67
56
68
62
55
57
71
76
80
72
71
58
69
78
69
78
66
57
62
69
62
57
58
59
75
97
78
86
112
80
91
77
75
92
98
93
82
93
86
88
72
79
106
103
108
109
119
124
137
137
133
154
147
130
161
147
175
191
234
235
241
219
226
169
172
166
170
146
164
129
137
130
121
117
112
110
125
104
114
92
87
89
81
92
82
93
70
79
79
72
83
77
75
78
71
75
70
74
68
71
80
57
71
74
61
59
69
68
66
71
79
71
81
71
80
67
74
69
66
54
75
79
74
59
74
70
58
65
71
68
83
76
68
74
88
74
75
72
85
80
89
90
105
110
128
143
154
221
453
