595
190
86
59
28
24
37
29
30
24
23
24
21
25
26
23
29
25
21
21
23
22
31
17
20
25
15
27
26
26
18
15
17
18
22
18
21
21
15
26
31
18
16
25
27
18
23
23
19
17
16
17
21
15
11
14
15
21
19
15
19
18
21
18
18
15
21
19
26
16
13
14
17
15
14
19
26
13
17
15
21
21
23
22
25
18
16
24
16
19
21
27
29
8
17
24
17
19
18
23
23
23
15
10
18
15
14
13
14
13
20
16
30
19
20
18
17
13
15
13
16
16
21
21
12
13
19
22
9
17
13
16
14
27
25
15
21
26
23
19
23
20
15
14
18
24
20
17
26
17
19
20
29
26
10
25
16
20
15
27
25
29
16
28
25
20
19
18
25
23
18
28
22
29
24
22
26
48
54
88
395
138
79
46
37
20
24
29
20
17
17
24
22
16
17
11
15
18
20
17
23
30
11
20
14
24
12
26
27
18
10
16
9
17
22
25
15
27
22
15
17
21
21
23
18
21
17
17
19
17
16
12
12
17
11
15
16
18
19
19
19
15
18
24
12
5
19
23
15
14
9
11
16
10
15
9
20
18
21
6
19
21
18
25
23
25
22
21
20
22
15
14
24
18
19
18
23
17
19
17
19
17
22
19
20
12
17
16
16
23
19
18
19
21
16
22
16
16
19
19
18
18
15
18
29
14
17
9
23
16
20
25
22
26
14
26
19
22
17
17
26
15
25
26
15
21
16
28
23
25
27
29
26
22
26
22
21
11
18
14
19
16
28
17
21
26
27
28
36
29
18
34
35
25
26
39
52
66
57
140
