940
225
98
74
54
51
44
49
33
40
58
52
47
43
38
36
43
46
44
44
52
50
46
56
51
54
43
50
43
72
54
48
52
66
64
55
63
73
67
57
45
65
50
46
47
40
48
55
69
27
38
57
52
43
42
62
49
33
35
49
41
40
44
45
37
52
34
34
41
48
26
27
34
34
24
31
31
34
37
29
28
32
30
26
21
27
25
38
30
31
27
36
39
23
25
30
35
24
36
19
24
38
29
27
34
37
25
33
25
40
34
29
39
30
44
28
31
34
35
46
36
33
46
40
48
36
55
49
51
48
45
35
46
54
33
50
53
47
47
58
51
50
52
43
65
63
72
68
57
58
53
65
47
45
52
50
58
44
47
53
55
53
59
46
56
40
55
53
38
57
34
40
47
57
55
64
66
79
127
278
509
188
121
84
58
57
64
53
40
41
48
41
43
45
42
52
49
47
33
52
45
57
53
52
51
57
49
47
45
56
39
54
68
57
48
57
70
63
39
53
53
44
60
53
44
58
61
47
53
38
49
44
44
47
38
36
52
56
44
45
49
37
24
39
42
38
40
30
30
33
38
34
28
30
27
36
31
30
31
43
30
33
24
32
33
36
34
32
25
30
32
25
31
32
36
31
23
27
28
29
29
25
20
23
44
23
30
40
34
47
47
40
34
37
37
35
29
38
48
32
48
44
39
44
37
46
52
54
47
51
57
49
35
62
49
45
66
50
62
60
68
65
66
46
80
84
75
62
62
54
62
58
51
43
49
42
42
56
52
54
65
56
40
43
53
55
50
46
41
51
58
54
36
39
56
47
44
70
124
198
