328
290
280
221
201
187
188
173
179
156
161
164
149
167
151
136
144
119
119
127
138
135
130
135
140
119
123
129
141
112
89
110
107
104
91
109
95
80
92
89
77
88
82
63
81
74
56
53
49
53
58
63
65
69
51
49
34
44
56
49
53
57
49
41
59
52
58
45
50
42
34
27
47
36
34
41
36
46
26
39
37
35
28
42
33
31
30
30
46
41
39
33
32
37
30
49
33
39
38
33
40
47
55
49
36
32
40
34
45
43
44
43
46
45
38
36
47
31
36
49
41
31
55
36
35
32
29
34
40
34
59
40
48
44
39
38
60
58
55
54
53
89
89
93
79
84
79
86
80
105
75
87
93
101
96
83
106
100
119
90
114
133
93
116
124
133
117
135
137
140
151
164
157
164
172
210
209
215
259
316
321
298
253
210
218
219
160
161
173
132
140
158
129
141
110
131
100
112
127
124
118
114
110
112
120
115
127
93
99
110
89
85
78
79
87
79
79
68
68
64
55
58
70
53
50
51
37
50
41
56
38
42
33
52
40
48
54
29
31
39
45
36
30
40
40
33
34
42
30
33
35
32
47
30
35
32
40
43
36
40
38
36
32
38
39
38
33
37
31
28
34
40
36
35
28
27
32
32
40
53
36
33
48
33
43
51
41
37
35
48
35
44
50
45
40
43
55
49
46
40
52
51
58
59
45
43
40
44
47
52
59
53
61
69
53
65
61
78
59
86
101
78
94
101
87
104
98
77
87
86
106
104
122
114
134
108
124
100
155
130
123
106
133
129
151
137
145
147
151
136
174
183
158
170
186
220
207
214
268
267
