96
12
11
4
6
6
7
6
10
10
7
7
2
9
5
9
3
8
6
3
5
6
7
6
6
1
4
7
4
1
2
6
6
5
4
3
1
4
7
9
8
6
8
3
2
9
5
9
7
7
9
3
8
7
14
13
19
17
32
38
63
36
56
27
27
18
12
6
9
6
6
5
5
5
6
5
4
5
1
2
5
3
6
5
4
1
3
3
5
6
1
0
2
1
1
2
1
1
1
4
1
2
1
2
4
1
1
1
1
3
1
0
0
0
2
3
3
4
2
3
2
1
1
1
5
1
2
4
1
4
1
2
1
1
1
3
0
0
1
3
6
4
2
2
2
1
1
0
1
0
1
0
3
4
2
1
5
2
2
2
6
2
5
7
6
2
4
7
4
3
9
6
7
9
7
14
22
29
37
49
67
54
30
26
10
12
10
3
6
4
11
6
0
12
8
4
6
5
6
9
7
4
0
4
1
5
5
4
1
3
0
2
5
1
3
1
3
0
2
0
1
1
1
1
1
3
3
0
4
1
2
4
4
2
2
1
3
4
2
4
2
1
0
4
2
2
3
3
5
4
4
0
5
2
0
2
1
3
1
4
2
2
4
0
1
2
1
1
0
2
3
1
1
1
2
1
2
3
6
5
2
7
3
5
6
4
4
5
4
8
6
8
6
13
10
23
31
32
35
49
54
33
28
19
11
16
12
12
15
5
10
7
5
8
7
6
3
4
5
9
3
9
7
6
4
6
6
7
4
7
2
1
6
4
2
3
6
0
4
5
7
2
1
7
2
9
4
3
7
7
8
5
3
4
4
4
6
8
11
7
