231
131
103
74
64
62
68
52
59
59
54
46
49
56
55
53
49
48
62
49
49
50
64
49
61
67
68
74
59
60
79
53
74
56
63
80
83
91
73
101
99
101
105
127
100
118
150
136
155
154
161
166
190
182
194
198
181
210
206
194
212
203
177
217
169
194
180
178
181
150
188
153
135
151
144
152
139
121
108
138
98
87
94
72
81
73
69
68
57
68
53
62
48
59
51
41
57
58
48
49
37
48
37
47
49
45
50
39
34
40
53
37
34
31
42
39
30
41
33
39
45
38
36
41
47
38
33
39
32
44
34
39
41
37
41
27
29
34
40
47
33
42
49
46
35
56
47
41
51
40
42
48
58
67
58
70
81
81
80
94
93
102
85
111
117
116
117
132
146
161
156
166
179
177
225
193
215
225
232
217
288
221
195
199
211
215
168
189
187
172
145
157
143
144
148
128
131
107
109
121
94
84
86
89
72
70
68
63
73
47
72
53
51
42
52
54
48
66
38
40
42
36
42
55
36
44
32
30
38
42
38
54
44
54
34
46
38
35
44
47
43
34
41
39
41
41
45
34
37
33
50
48
36
42
45
45
33
37
52
35
40
47
45
45
45
50
58
40
67
67
56
59
59
52
51
64
76
89
97
83
91
99
107
115
146
147
131
128
143
147
151
159
178
171
193
182
203
212
199
205
184
198
187
192
204
176
207
181
164
168
181
180
153
164
151
132
120
133
126
121
98
104
111
85
78
83
71
66
78
60
76
70
62
74
75
58
64
47
42
51
61
56
44
51
52
50
59
55
44
56
61
60
47
45
47
50
56
81
96
121
