42
40
26
21
18
12
20
20
10
8
15
10
10
7
8
8
19
6
9
17
9
10
10
10
8
13
3
13
7
4
9
13
12
11
8
9
7
13
10
5
8
8
9
15
16
4
13
12
6
12
11
10
14
12
7
10
16
11
12
6
14
10
14
20
11
12
12
15
12
14
13
9
11
14
16
6
12
4
11
10
11
9
6
7
5
8
4
9
4
6
8
9
10
8
6
12
7
6
6
3
7
11
10
5
11
6
5
10
11
9
11
9
11
6
9
4
10
9
6
10
14
9
13
12
13
4
7
10
9
14
12
11
4
9
14
12
12
8
8
4
5
7
10
7
11
6
2
5
8
3
7
8
11
11
7
11
8
7
5
9
7
3
10
7
8
11
11
12
7
7
11
9
7
18
15
18
15
14
23
30
37
22
27
20
12
20
15
15
10
13
7
9
2
13
5
6
9
8
7
7
7
13
6
9
4
9
10
9
8
10
7
6
12
6
4
5
5
6
12
8
11
8
12
4
7
11
10
10
9
12
12
12
8
8
14
18
10
6
8
6
12
6
6
12
11
16
12
16
6
7
10
11
11
15
8
10
8
10
10
5
9
11
10
14
5
9
7
13
14
11
12
5
5
4
7
9
9
10
10
8
6
4
6
9
6
4
11
11
15
11
12
15
15
18
16
14
18
11
8
12
11
12
10
18
7
13
10
13
6
7
12
14
8
9
7
10
14
6
13
9
6
12
9
9
8
3
10
9
9
4
10
7
9
6
3
9
5
9
8
5
11
9
10
9
12
10
4
9
12
7
4
12
11
9
15
14
20
21
23
38
