1017
584
427
290
224
220
175
161
157
154
147
128
107
147
109
97
119
100
106
121
103
107
114
111
123
119
111
118
119
111
99
114
100
109
103
99
86
97
97
105
84
99
90
99
92
122
128
107
107
110
139
138
109
135
120
134
128
135
101
111
123
106
103
122
90
98
107
89
126
105
92
93
86
94
91
84
117
106
107
110
99
86
80
102
82
80
82
82
80
76
81
66
65
80
71
82
77
83
90
91
90
88
104
81
82
85
86
82
77
97
101
87
88
99
85
109
96
108
96
92
98
99
119
116
92
106
108
105
115
109
92
116
80
116
111
96
98
104
99
73
76
92
79
99
82
80
106
103
91
86
103
100
98
103
106
103
121
110
85
117
93
114
107
101
97
102
130
130
120
107
122
134
135
137
172
174
197
214
243
345
526
301
246
203
168
153
152
130
139
115
130
113
118
123
110
102
93
92
110
123
103
109
116
101
87
104
84
95
96
103
98
95
94
70
76
83
95
102
90
101
88
71
105
87
96
135
102
97
98
94
111
106
87
109
118
102
105
117
120
98
102
89
109
94
77
107
77
98
78
74
86
91
84
70
92
87
86
80
80
85
84
78
74
93
90
86
87
75
87
87
57
72
66
85
86
96
80
75
97
85
95
80
105
98
96
83
83
102
91
80
95
98
99
108
91
111
96
114
119
129
128
106
109
125
105
135
135
118
115
107
129
96
122
108
116
108
95
104
107
87
93
88
98
107
94
105
105
99
101
97
100
94
108
111
138
106
134
120
95
114
113
117
99
140
126
135
120
120
132
148
139
146
171
154
203
251
260
309
407
596
