700
237
131
32
34
11
17
13
18
8
11
10
10
11
9
6
8
3
7
7
4
7
2
4
3
2
2
5
5
0
7
3
2
5
2
2
1
2
2
3
2
7
4
1
0
1
1
1
1
2
1
1
3
2
3
3
2
0
4
2
8
3
2
4
1
1
0
2
2
1
4
1
2
0
2
0
1
4
2
5
2
2
3
0
1
3
1
1
2
2
0
1
0
2
1
0
1
2
1
3
2
0
0
1
3
0
0
0
0
0
2
0
1
3
0
1
3
1
2
1
1
0
0
0
1
1
2
1
1
3
1
1
6
1
1
0
3
1
1
2
0
0
1
4
2
0
1
0
2
0
0
2
6
2
3
5
3
5
3
4
8
7
9
7
10
2
5
9
5
8
11
11
11
13
8
12
27
38
62
120
334
131
69
39
30
20
15
6
9
13
10
6
7
11
6
6
3
2
4
5
4
4
1
2
3
1
4
5
4
3
0
2
3
1
1
0
1
1
0
1
0
1
1
3
0
2
1
0
0
3
3
0
1
2
1
3
1
2
0
0
1
0
3
1
4
0
1
5
0
2
1
0
0
3
3
2
1
1
2
4
1
1
2
3
2
2
2
3
1
2
2
3
0
0
1
4
3
3
0
4
2
2
2
0
0
2
2
1
2
2
2
1
2
0
1
6
1
2
2
3
2
2
1
2
1
4
1
3
1
1
2
0
4
6
2
3
4
1
0
1
1
4
3
2
0
2
3
2
4
4
5
4
5
5
3
4
2
1
4
0
10
7
4
7
3
6
7
6
6
6
14
5
14
12
7
19
35
48
129
253
