66
30
19
13
8
2
6
3
4
3
5
1
2
1
3
2
3
1
2
1
1
2
0
1
1
0
0
2
1
3
0
2
0
0
1
0
0
0
2
1
0
0
1
0
0
0
0
1
0
2
0
0
0
1
1
1
0
0
1
0
0
1
0
1
0
0
0
1
0
0
0
0
0
0
1
0
0
0
0
1
0
0
0
0
0
0
0
0
0
0
1
0
0
0
1
0
1
0
0
0
0
0
0
0
0
0
0
1
0
0
0
0
0
1
0
1
0
0
0
2
0
1
0
0
0
0
0
0
0
0
0
0
0
0
0
0
1
0
0
0
1
0
0
0
0
1
0
1
0
0
0
0
1
0
1
0
0
3
0
0
1
1
0
2
1
4
0
1
1
2
1
3
1
1
2
2
1
3
2
6
28
10
4
1
2
3
1
1
1
0
0
2
0
1
1
2
1
2
0
1
0
1
1
0
0
0
1
0
0
1
0
0
0
0
0
0
0
0
1
1
3
0
0
0
0
0
0
1
0
0
0
0
0
0
0
0
0
0
1
0
0
0
0
0
0
0
0
1
1
0
0
0
1
0
0
0
0
0
0
0
0
0
0
0
0
0
0
0
0
0
0
0
0
0
0
0
0
0
2
0
1
0
0
0
2
1
0
0
0
1
0
0
0
0
0
1
0
1
0
0
0
0
0
0
0
0
0
0
0
1
0
1
1
0
0
0
1
1
0
1
1
0
0
0
2
0
1
1
0
0
0
0
0
0
2
0
1
2
0
1
2
0
0
1
1
0
1
1
6
2
3
2
3
4
7
4
13
14
15
30
