3782
1079
546
365
285
232
229
181
155
141
133
124
102
114
83
114
102
112
90
91
95
93
87
94
114
103
121
104
123
109
129
128
101
102
91
90
99
69
69
61
72
71
56
44
53
50
52
49
49
57
50
42
41
51
88
77
59
56
60
66
42
38
39
36
43
27
35
24
45
31
30
34
36
22
48
31
32
32
41
28
34
29
34
37
41
47
29
33
46
42
58
41
54
38
30
42
33
24
26
38
26
35
31
34
28
39
44
32
29
42
30
33
42
34
31
30
43
46
48
49
42
42
44
43
48
36
46
50
48
49
55
46
42
38
48
49
48
51
51
45
61
52
70
69
97
93
109
111
107
93
135
123
98
110
103
92
90
78
69
82
73
96
112
84
101
97
112
122
113
123
129
121
143
160
204
230
313
385
514
984
2881
942
461
362
302
226
201
162
148
119
119
119
101
91
101
97
90
88
83
88
70
84
82
94
75
89
83
100
90
108
88
112
117
101
117
94
93
82
65
53
60
58
46
54
62
52
43
58
48
41
44
52
56
47
49
46
44
44
42
41
43
38
49
40
30
30
33
28
31
26
42
34
37
39
26
31
40
44
18
30
30
37
30
39
42
42
35
43
48
33
66
54
42
45
31
46
34
29
31
35
24
32
28
29
33
35
42
36
43
29
40
32
47
29
44
35
49
51
41
53
57
43
53
63
45
88
92
70
47
47
49
67
68
60
68
53
54
54
58
67
70
50
54
71
76
87
113
110
114
115
131
147
113
149
129
126
100
105
109
119
112
89
104
77
101
118
111
100
135
137
142
141
157
162
220
240
261
335
540
1139
