28
20
7
4
9
2
2
3
1
5
3
1
4
1
0
0
0
0
0
1
0
1
0
0
0
0
0
0
0
0
0
2
0
0
0
0
3
1
2
1
1
0
1
0
0
2
0
1
1
0
0
1
0
0
1
0
0
0
0
1
0
0
1
1
0
0
0
0
0
0
0
2
0
0
0
0
0
0
0
0
1
0
0
0
0
0
0
0
0
0
0
0
0
0
1
0
0
0
1
0
0
0
1
0
0
2
0
0
0
1
0
0
0
0
1
0
1
0
0
0
0
0
0
0
0
0
0
0
0
0
2
1
0
0
0
0
0
1
1
1
0
0
1
0
1
0
0
1
1
0
1
1
1
2
1
1
1
0
1
3
0
1
2
0
0
0
0
0
3
2
3
0
2
0
5
2
3
3
9
8
19
8
6
6
2
6
3
4
2
1
0
1
0
0
1
4
0
1
1
1
3
0
0
0
0
2
1
2
0
2
0
1
2
1
0
0
1
1
1
1
1
1
0
0
0
0
0
0
0
1
0
0
1
1
0
0
0
0
0
0
0
0
0
3
0
1
0
0
0
0
0
0
0
1
0
0
0
0
0
1
0
0
1
0
1
1
0
1
0
0
0
1
0
1
1
0
0
1
1
0
0
0
0
0
0
1
0
1
0
0
0
1
1
0
0
0
0
0
0
0
1
2
0
0
0
0
1
1
0
0
0
0
0
1
0
0
1
0
0
1
1
0
1
2
1
2
0
0
1
0
0
1
1
1
0
0
0
0
2
0
1
1
1
1
1
3
0
0
0
1
1
1
1
1
5
4
7
8
6
20
