421
129
71
41
27
15
14
14
9
10
13
7
8
7
5
8
10
8
8
9
9
5
3
4
4
8
3
9
7
5
7
8
2
3
5
9
6
5
1
3
5
8
4
6
6
5
1
2
2
1
2
2
2
1
3
5
4
1
7
1
5
2
3
2
3
2
2
2
1
3
1
7
2
2
0
1
2
5
2
2
1
2
0
1
0
2
1
4
0
3
3
1
1
1
1
4
6
1
4
1
0
2
1
4
1
3
3
5
3
1
2
3
1
4
1
1
1
1
2
1
2
4
3
1
1
1
3
0
4
2
4
3
2
6
3
5
3
4
5
6
9
2
1
7
3
4
6
7
12
3
5
11
7
10
8
4
7
12
3
7
6
6
11
7
6
4
9
4
11
12
4
11
14
8
22
17
25
41
71
131
345
135
83
35
26
17
22
19
10
13
12
7
7
13
15
5
3
7
15
6
10
5
4
9
4
9
5
6
6
7
4
7
5
7
6
7
8
9
2
4
5
5
1
4
3
3
1
2
3
4
4
3
3
2
3
6
3
1
3
2
2
3
5
3
5
7
6
3
3
2
4
3
2
2
3
0
5
4
3
4
2
1
2
4
4
2
0
0
0
2
0
2
0
3
0
1
1
1
1
6
0
2
2
0
2
2
4
2
3
4
3
1
3
2
0
4
1
2
4
2
1
1
3
3
3
1
6
3
3
0
4
1
1
1
3
2
3
5
7
5
6
6
2
6
7
8
5
5
3
6
3
0
8
8
9
11
8
11
7
6
5
9
5
5
10
7
12
9
7
6
8
8
7
7
16
13
28
41
77
139
