1106
322
180
126
118
88
89
58
70
68
53
45
42
34
38
41
30
32
19
21
28
21
24
22
20
21
15
31
18
16
22
28
16
33
19
31
24
17
26
23
22
23
20
29
12
13
27
20
18
18
9
15
15
16
17
11
13
26
15
8
9
9
19
9
12
8
3
6
8
12
4
9
6
6
7
5
5
4
2
4
6
8
8
5
6
8
8
6
5
4
1
7
3
7
7
5
10
3
7
7
3
3
7
6
6
5
4
8
4
6
7
12
9
4
6
8
8
9
6
9
13
9
16
15
28
15
12
19
8
16
20
19
13
25
16
15
20
16
15
15
13
22
19
28
24
28
31
34
30
25
27
21
25
25
12
23
28
17
26
22
24
17
23
29
20
36
33
32
38
40
64
44
53
67
84
78
109
151
168
307
938
293
178
125
126
95
81
53
75
51
40
42
33
32
37
30
23
25
23
25
14
23
25
14
27
17
16
31
20
15
18
27
22
27
27
32
25
16
29
15
12
20
16
15
24
17
13
20
12
9
15
19
10
18
15
18
21
13
11
13
13
9
12
8
9
3
5
8
4
4
8
8
6
7
6
4
6
6
4
8
6
13
3
4
6
2
11
6
10
5
15
4
8
3
4
4
9
5
8
7
9
7
12
6
5
5
6
5
4
7
6
4
7
10
11
8
4
7
7
11
14
16
12
17
22
12
20
13
18
15
13
22
15
16
20
14
22
23
20
21
29
20
20
26
29
27
33
32
25
22
22
27
24
14
13
20
28
20
20
23
26
33
39
23
31
36
30
33
39
45
61
75
62
73
74
65
101
156
169
300
