221
150
133
113
100
94
86
86
86
115
83
67
103
95
85
83
80
81
76
97
96
75
107
95
87
72
70
92
93
104
91
78
92
86
80
81
85
79
68
72
68
67
59
67
65
67
55
83
75
80
71
78
53
55
58
55
59
61
54
47
61
58
58
59
78
100
100
101
88
85
70
81
70
57
54
71
56
48
61
53
33
49
50
41
47
36
53
40
42
46
38
38
37
41
34
34
29
29
39
27
50
38
31
45
42
33
27
37
34
35
21
35
51
54
47
59
40
61
47
41
47
43
38
40
55
41
43
48
48
61
52
48
49
56
53
61
64
62
65
56
64
57
61
61
47
57
50
50
53
64
62
46
61
55
50
70
60
71
69
66
71
70
65
97
67
66
80
63
82
72
87
80
76
83
78
78
105
111
136
144
140
122
122
109
83
94
78
86
76
76
77
82
75
91
78
87
61
72
73
83
70
68
60
60
69
75
53
58
54
54
54
48
46
48
57
56
53
52
37
62
61
48
51
41
55
51
43
67
50
51
58
48
45
55
54
38
42
46
45
41
33
36
61
48
35
68
50
39
39
51
37
38
43
40
25
38
40
37
40
41
48
40
23
39
38
34
41
37
38
36
38
45
47
42
40
37
56
44
44
44
52
54
55
54
54
62
63
69
59
73
78
93
73
101
86
102
83
77
87
69
63
62
53
51
56
54
57
47
65
62
69
89
58
79
63
75
71
71
79
67
69
92
81
81
74
81
91
99
86
100
91
97
87
94
85
80
87
103
85
81
85
63
89
92
80
101
84
86
78
91
81
81
59
78
94
93
83
101
107
147
