718
260
127
81
71
48
31
33
38
29
31
37
35
30
31
27
25
24
28
25
37
38
22
29
21
32
27
33
37
38
42
44
37
36
51
57
52
58
46
52
54
39
46
47
57
47
56
47
51
38
41
38
42
40
39
31
31
31
23
32
21
24
19
25
21
16
18
10
23
17
14
18
12
16
17
16
11
17
16
16
16
13
17
10
17
8
20
11
13
15
11
10
9
12
13
13
7
13
19
12
10
15
9
14
18
7
21
12
16
14
19
18
17
22
15
8
18
16
19
18
26
24
29
33
21
30
41
30
44
33
40
31
33
48
38
47
40
42
53
52
27
43
45
53
58
43
56
59
36
31
38
28
24
36
37
23
26
31
27
18
29
31
20
33
32
25
29
26
28
27
27
25
24
29
27
56
55
74
105
135
466
185
101
64
40
36
39
44
19
33
26
25
17
25
24
31
44
26
31
31
25
25
14
16
32
22
28
38
40
33
34
50
48
53
65
49
40
45
55
36
39
55
51
45
62
35
39
41
43
30
39
46
49
34
35
26
29
32
27
25
21
20
18
18
17
23
20
23
18
16
11
16
19
15
8
11
13
9
10
7
9
13
8
12
18
16
12
10
6
19
18
16
10
16
11
8
8
15
12
11
8
6
11
7
11
17
25
23
11
19
13
18
19
16
23
10
26
18
26
27
25
22
25
29
30
35
29
42
56
42
44
43
42
50
52
63
59
52
40
43
41
45
62
65
49
43
41
34
32
34
32
34
28
30
25
29
26
30
31
30
25
25
35
26
30
28
32
42
33
38
40
28
38
36
34
43
65
77
129
283
