92
34
39
29
23
30
31
40
25
36
39
33
33
26
16
28
38
18
25
36
35
36
25
23
30
32
27
28
28
27
33
29
24
30
34
31
26
37
28
35
35
34
39
34
39
31
41
44
35
45
42
53
52
50
47
50
43
34
61
45
42
35
37
55
38
32
40
38
33
35
26
29
43
45
40
29
26
24
17
22
22
21
25
22
20
18
23
21
19
29
21
24
23
28
25
29
20
23
24
15
10
19
25
18
16
20
22
26
30
25
25
27
18
27
24
18
23
20
24
24
18
16
43
26
23
26
22
38
29
28
33
23
16
16
18
18
31
20
22
28
22
22
24
19
30
17
19
18
22
27
32
20
23
26
25
13
20
20
32
43
32
37
24
20
29
33
38
43
27
32
30
40
41
62
48
37
50
52
52
51
110
59
53
61
48
51
37
49
31
48
27
41
30
37
25
34
30
21
29
34
31
29
24
16
24
24
31
30
27
20
18
25
23
23
26
18
19
25
13
19
25
30
29
28
18
25
19
19
19
31
22
23
26
34
25
22
17
20
18
33
22
15
20
20
18
11
26
16
22
29
17
26
26
16
23
20
27
24
10
25
19
22
29
31
16
23
21
15
19
22
25
28
23
23
21
21
24
23
27
32
23
33
24
33
29
30
34
25
24
25
38
30
33
31
43
43
42
40
46
38
43
54
62
31
47
55
46
45
54
43
51
44
48
43
41
50
35
38
35
37
35
41
37
25
39
32
37
39
33
28
30
26
34
26
29
34
40
26
29
33
31
31
24
32
26
34
24
30
26
33
26
24
31
22
18
29
38
36
42
45
