2956
1350
910
578
463
364
279
196
177
120
101
92
84
67
50
58
51
46
58
44
67
46
63
46
53
68
93
61
46
59
45
59
49
54
43
42
44
45
45
75
40
44
40
37
27
20
27
34
33
19
20
21
13
20
15
23
31
20
24
20
23
19
15
22
20
15
21
12
30
20
26
22
28
16
20
18
18
17
14
24
18
18
18
17
17
12
28
22
19
24
17
19
16
20
18
13
21
19
24
16
13
22
22
19
13
19
17
29
11
22
19
12
27
15
22
10
13
30
18
29
21
23
21
45
25
23
26
13
18
25
24
13
10
19
23
27
18
21
21
11
13
21
22
12
21
19
17
24
23
17
23
18
25
29
19
25
14
14
20
20
22
23
26
21
26
21
17
28
23
20
28
23
35
41
37
47
42
48
77
114
330
115
61
48
40
39
40
25
28
26
18
24
34
30
21
31
20
19
27
30
28
23
22
23
19
29
31
24
21
18
23
23
22
19
18
15
21
18
18
16
22
25
21
20
10
26
19
26
22
16
20
17
14
15
22
17
28
21
25
19
27
20
26
17
25
16
20
22
24
16
15
21
14
21
19
19
18
14
16
22
17
18
17
10
19
25
30
17
14
24
18
20
12
21
22
17
24
18
25
15
22
19
17
13
19
24
16
9
12
24
17
17
19
31
30
23
19
17
12
24
24
25
18
21
19
16
18
23
25
22
20
20
25
30
31
25
30
35
39
45
52
74
56
47
38
53
33
51
47
44
51
40
48
59
104
69
58
54
58
61
63
61
47
70
67
54
38
56
69
89
122
144
158
188
286
357
485
616
884
1425
