204
44
24
8
7
5
1
5
5
6
7
7
9
4
4
2
2
6
4
2
5
4
4
1
3
4
3
2
3
6
1
1
8
8
4
5
4
5
4
3
5
3
5
7
11
7
2
7
3
2
5
4
3
3
1
0
0
5
2
5
3
7
7
9
8
9
3
1
0
4
4
5
5
2
1
0
4
2
3
5
3
4
1
2
1
0
3
2
2
6
3
1
3
0
4
1
5
2
0
2
1
0
0
5
4
2
2
0
1
0
5
1
1
1
9
2
4
5
7
8
5
6
14
4
6
5
2
1
4
4
2
5
4
6
4
9
6
15
5
7
8
10
10
12
8
12
6
3
8
7
4
11
7
2
4
6
4
4
2
11
8
3
6
5
2
2
1
1
13
5
5
8
5
5
8
10
12
24
26
58
122
44
28
19
8
10
8
6
2
5
8
7
4
0
1
3
1
0
2
8
8
3
2
7
3
5
5
10
5
8
11
10
4
5
19
10
9
3
9
10
13
10
3
7
8
2
1
6
6
3
6
2
2
1
4
8
7
8
9
9
7
7
4
7
3
4
2
2
2
3
3
0
0
5
1
2
4
2
1
1
4
4
4
1
0
1
6
1
3
2
3
0
4
3
1
2
4
2
3
2
3
3
1
1
5
5
3
4
10
6
4
3
3
3
2
7
2
7
4
7
4
7
6
2
1
4
3
5
5
5
2
6
11
2
7
4
5
8
6
7
5
4
5
9
4
0
3
8
4
4
3
1
2
4
5
1
6
2
0
2
7
3
6
2
0
4
3
3
2
2
1
3
2
4
1
4
8
15
17
58
