25
24
15
13
13
14
12
16
12
13
21
14
20
23
17
23
23
17
23
18
29
22
17
21
19
27
27
31
32
35
39
19
32
27
30
25
31
32
21
20
26
13
18
10
11
20
14
4
6
9
9
6
8
7
5
8
6
4
6
5
5
5
6
5
3
1
2
13
5
4
6
2
5
0
7
2
2
4
3
8
2
2
8
5
3
2
2
3
4
7
1
5
1
1
4
2
3
2
2
1
5
5
3
3
3
3
3
5
5
3
0
4
1
3
2
3
2
2
1
3
4
3
0
6
0
1
0
8
1
1
6
2
2
3
4
2
3
1
4
4
4
4
0
3
2
7
4
4
3
0
3
3
4
4
1
1
0
0
5
1
4
2
1
3
2
2
6
1
2
1
2
4
3
2
5
0
1
2
1
1
2
2
2
2
2
4
1
5
1
1
5
2
2
3
6
1
3
3
0
7
1
4
8
1
2
4
3
1
1
1
5
1
1
2
2
2
1
2
1
2
8
1
2
4
1
3
6
2
2
4
2
3
3
2
3
1
1
1
2
3
2
2
1
3
3
4
3
1
5
2
5
4
3
1
3
2
2
3
4
2
0
1
1
1
1
3
3
5
1
2
0
5
1
2
4
1
1
1
2
2
2
3
0
1
2
4
8
2
6
3
4
1
2
9
6
6
3
3
7
6
4
2
5
12
7
5
6
5
2
8
6
7
9
8
12
14
8
16
14
18
20
22
31
44
22
48
22
28
33
33
47
48
40
30
20
34
31
16
24
37
23
21
20
16
15
15
12
17
15
26
21
23
14
5
22
14
20
20
23
17
