73
32
12
14
14
8
17
17
9
10
20
12
13
7
6
4
9
8
9
6
4
14
6
8
7
5
6
9
7
6
9
5
15
6
5
6
5
7
5
5
12
8
3
7
4
5
6
4
3
9
4
5
7
6
5
7
10
5
7
8
9
11
2
8
10
22
6
15
12
13
7
10
16
10
10
17
16
15
10
24
38
57
86
99
95
50
59
34
20
30
31
23
16
8
15
13
12
14
12
10
13
8
11
16
11
14
8
11
6
9
15
13
10
16
6
9
12
26
28
25
23
17
7
11
12
9
8
14
9
12
4
12
5
7
8
9
9
11
12
10
12
11
10
7
14
14
14
7
15
9
12
12
14
17
14
15
14
20
21
20
26
30
17
17
29
30
30
26
26
40
41
38
44
41
48
63
53
75
79
95
133
96
78
67
58
54
48
49
44
32
45
35
39
36
26
29
22
28
27
16
16
19
15
24
12
17
12
14
14
15
12
15
13
15
13
12
10
9
11
8
5
9
9
8
8
14
6
15
10
8
6
6
10
12
12
11
9
12
15
9
26
28
24
20
11
7
23
13
12
13
10
19
10
10
10
11
14
10
17
11
15
13
23
17
8
16
15
16
21
16
16
14
24
37
48
74
94
120
109
42
44
24
16
8
17
12
13
13
17
12
13
12
6
13
8
6
10
8
12
9
7
6
2
2
6
5
12
5
5
5
11
12
8
8
9
5
5
9
6
5
7
6
4
9
8
4
13
10
7
4
8
4
7
7
7
6
6
9
10
3
10
10
9
7
8
13
7
9
15
20
15
13
7
16
12
11
13
15
16
16
