14
18
11
13
20
16
13
13
13
13
9
16
12
11
20
9
14
15
21
13
11
18
21
10
15
19
17
10
15
18
9
19
20
21
18
24
20
30
24
37
33
30
36
37
53
37
37
31
42
35
39
51
65
66
54
83
85
92
122
127
208
203
128
107
103
68
47
47
37
41
40
34
31
30
32
21
32
22
36
23
30
18
22
15
8
18
11
17
10
8
12
10
12
17
8
13
7
5
13
11
13
4
6
9
8
9
4
12
9
8
12
4
5
6
5
10
9
9
6
8
4
10
6
8
5
12
7
7
8
8
5
3
6
7
6
7
5
11
5
9
6
3
5
9
3
9
11
3
8
5
8
6
5
9
14
5
7
16
17
20
19
22
32
34
24
26
20
25
25
33
23
41
40
37
46
37
39
56
68
93
206
87
83
56
41
38
42
48
40
30
20
22
22
32
21
16
25
27
17
14
18
18
6
13
13
18
11
9
9
9
6
15
8
7
6
8
6
5
4
11
5
11
3
8
9
6
5
10
4
6
2
6
5
5
4
16
9
5
5
5
6
8
6
9
3
5
12
8
7
4
6
9
7
13
9
9
12
8
6
5
5
11
7
11
13
14
10
15
14
6
10
14
18
17
11
18
14
26
25
25
33
39
30
30
27
29
25
22
36
27
41
44
43
53
52
66
81
94
115
228
183
151
122
94
87
82
60
63
54
50
34
47
38
28
39
29
34
38
27
27
37
25
15
19
28
22
19
15
15
20
14
16
13
20
9
23
14
14
14
14
13
14
13
12
13
18
13
22
18
15
10
14
17
17
11
16
17
20
18
24
