21
9
7
3
4
5
4
3
4
3
5
5
5
6
2
4
5
4
1
2
3
5
5
6
7
7
4
3
5
2
2
3
6
3
2
5
7
4
6
5
8
8
10
10
6
8
7
8
9
8
14
6
7
12
5
10
20
31
34
39
42
50
39
25
21
17
14
11
4
4
7
4
3
6
4
5
5
0
3
2
2
3
4
5
3
5
5
2
5
3
2
2
0
2
5
3
3
2
3
0
2
0
2
0
2
1
0
1
1
3
0
3
0
1
2
0
2
1
0
1
0
1
0
2
0
4
1
0
1
0
4
3
0
3
0
2
4
1
4
3
2
6
5
2
3
2
1
1
1
1
4
1
1
3
4
4
3
6
5
4
5
5
6
4
4
3
6
10
5
6
6
8
10
9
11
17
21
25
28
28
63
49
32
23
17
17
13
8
8
8
8
7
4
1
6
3
7
2
5
5
5
4
1
6
5
4
4
4
0
2
3
1
4
1
1
2
1
1
3
2
0
1
2
2
2
2
1
0
1
3
1
2
2
2
2
1
0
1
0
2
0
3
1
1
4
0
6
0
0
2
0
1
0
0
1
1
2
0
4
0
1
2
2
0
1
1
0
1
2
4
2
4
2
3
5
5
2
3
6
3
3
3
4
3
6
7
7
3
4
7
2
8
7
6
11
26
20
21
37
44
53
29
34
34
21
11
7
7
6
12
8
4
6
3
7
5
4
5
6
6
7
7
5
3
5
6
7
5
5
6
3
2
8
2
6
4
4
2
4
6
5
3
3
3
2
6
7
6
4
5
4
4
2
2
6
3
7
3
10
11
