1445
528
172
92
51
33
21
21
27
17
7
16
17
8
11
8
12
6
12
11
1
7
11
11
6
10
4
8
15
14
6
9
11
10
5
8
6
4
8
6
6
10
5
7
10
6
3
2
11
9
6
13
4
6
10
10
9
9
9
5
11
19
7
2
6
6
1
7
2
9
7
7
6
5
9
18
1
3
7
7
5
6
5
5
7
11
7
3
7
3
7
4
7
4
9
11
10
3
5
4
9
8
7
3
8
1
5
4
2
8
8
6
5
3
5
12
12
7
5
7
8
15
7
11
8
5
10
4
8
6
6
3
10
5
10
7
8
2
6
6
8
3
7
11
4
3
6
5
12
9
7
7
6
6
8
7
9
9
6
13
8
9
9
13
10
11
6
11
6
14
12
12
16
16
18
25
38
76
141
401
969
454
159
62
33
21
20
16
13
15
15
11
10
12
9
13
11
12
7
8
6
10
8
4
9
12
7
4
4
7
10
8
8
11
5
4
5
4
5
8
6
7
6
7
6
6
4
7
9
4
5
1
10
6
4
4
9
2
9
11
8
9
10
8
8
6
8
7
3
6
7
5
3
9
2
4
7
5
5
4
4
6
4
4
11
4
5
8
5
6
8
4
4
9
4
7
6
5
5
7
6
13
4
6
9
9
11
6
4
7
12
9
6
8
3
6
7
4
15
14
14
5
11
9
8
8
5
5
3
3
4
3
5
14
8
3
3
14
13
8
9
7
6
6
6
12
19
15
11
16
10
6
12
8
13
7
7
8
14
6
12
3
10
13
15
14
13
15
15
8
11
17
18
14
30
26
41
86
193
568
