827
508
268
120
71
47
25
20
26
14
9
13
13
10
6
6
11
3
5
4
6
4
3
5
7
7
10
6
3
6
7
5
4
8
5
4
5
7
5
3
2
4
0
3
4
2
4
3
0
3
2
1
1
4
2
0
3
2
0
1
4
7
2
4
2
4
7
6
2
2
3
3
9
8
2
3
2
1
1
3
2
2
6
7
2
1
3
4
5
6
1
5
1
1
3
6
2
4
4
2
1
2
1
0
2
4
1
1
0
1
2
7
2
4
2
1
2
6
7
3
4
3
1
3
6
2
2
2
2
2
2
5
2
5
4
3
2
2
2
3
2
1
3
6
2
3
4
1
4
0
2
6
1
2
5
5
5
0
5
3
6
8
3
3
4
8
6
5
1
4
3
6
5
7
4
10
11
14
20
37
153
37
17
14
11
6
8
9
6
8
8
5
5
3
4
6
8
7
2
2
3
2
6
5
7
5
9
6
2
7
2
4
3
4
1
1
2
1
3
3
3
2
3
2
1
5
2
3
6
5
5
2
4
2
2
0
4
3
3
3
4
4
1
5
2
3
2
0
2
3
2
5
4
8
6
4
5
4
1
1
1
3
1
4
3
2
2
3
2
2
6
4
4
3
4
3
4
8
2
5
3
3
4
2
3
4
2
5
8
3
2
2
4
3
6
2
4
3
5
3
2
5
5
0
2
4
3
6
3
2
5
5
6
2
6
4
5
2
4
3
1
3
5
3
3
6
7
5
1
4
3
7
4
3
8
8
3
3
2
7
6
6
10
8
8
6
6
12
11
10
12
14
29
19
29
48
60
118
183
505
