1147
352
178
94
69
38
40
47
36
43
34
38
42
33
34
40
27
25
24
37
33
20
24
28
20
29
38
25
32
40
27
21
18
30
33
23
15
17
22
15
14
15
19
17
25
21
19
19
19
21
19
16
21
31
22
17
25
24
20
29
32
30
38
31
36
26
35
30
41
31
39
22
25
26
32
26
21
27
38
32
26
29
24
37
44
40
56
35
37
51
62
70
63
50
32
43
43
33
27
27
36
38
30
31
30
29
34
30
31
41
32
24
30
32
32
38
34
30
36
33
23
34
36
20
34
22
29
10
21
19
18
20
18
28
13
28
15
23
16
18
19
11
16
17
23
25
15
16
19
28
21
30
33
24
28
37
20
23
18
37
29
35
28
29
28
33
32
34
37
50
46
63
84
83
100
139
167
279
412
894
1566
913
475
292
199
152
112
89
71
54
46
54
32
38
33
37
44
27
32
24
25
30
24
23
31
36
35
32
34
30
23
25
22
30
24
19
13
20
21
27
19
18
23
22
19
17
9
14
13
16
15
14
17
16
23
20
30
33
32
24
32
39
36
31
34
41
35
39
26
28
31
28
15
21
22
33
20
24
35
31
43
40
39
35
43
33
38
42
45
72
58
59
47
36
45
42
47
28
38
27
34
42
26
33
27
30
30
26
31
30
31
34
36
31
32
33
30
27
33
37
27
25
22
19
20
27
23
16
23
13
14
15
19
23
25
20
20
19
18
12
20
9
20
23
21
17
18
32
15
30
31
20
27
27
30
30
31
31
24
20
27
34
35
39
24
32
38
32
27
32
42
37
35
42
53
64
78
94
184
382
