45
31
28
25
23
23
18
24
19
21
36
39
30
34
32
35
34
25
37
33
43
32
24
30
35
42
42
42
46
52
56
33
40
43
43
47
47
41
38
36
40
45
45
35
39
36
42
29
28
45
38
38
29
27
26
26
27
11
18
20
13
12
11
9
8
5
3
17
8
5
11
5
7
0
11
4
5
6
6
9
7
4
10
7
7
3
3
6
7
9
3
6
7
5
6
2
6
5
4
3
8
5
6
3
6
6
7
11
6
3
1
7
1
7
6
5
5
3
2
5
8
5
1
7
3
2
2
10
1
3
8
3
6
5
5
4
5
4
5
5
6
9
3
5
2
7
7
8
4
1
4
5
4
6
2
3
2
1
7
2
6
3
2
7
5
3
9
3
3
2
2
6
7
6
8
2
6
7
3
7
7
7
5
6
3
4
5
8
4
4
5
6
4
5
6
1
5
6
1
7
3
5
9
3
5
7
8
4
2
1
9
2
2
5
3
4
2
10
2
2
9
3
3
5
2
5
6
5
2
4
4
7
6
6
4
3
1
1
5
3
2
5
5
8
5
8
10
6
6
5
10
5
8
2
6
6
7
4
5
3
4
5
2
4
5
5
4
6
3
6
3
8
2
4
7
4
3
4
5
7
8
6
1
2
3
7
13
5
8
8
9
4
5
13
10
8
8
6
11
11
9
9
12
29
23
17
11
19
24
28
24
28
39
34
38
29
31
31
42
48
49
39
45
70
47
65
41
41
53
46
56
54
54
43
32
52
46
30
35
50
33
29
34
29
33
22
20
27
28
31
36
26
22
14
27
20
36
30
32
36
