217
134
55
24
16
11
4
4
5
6
10
9
0
7
6
4
3
12
4
4
5
5
4
5
7
4
6
4
3
4
4
9
4
8
6
4
8
5
4
7
4
8
6
1
2
6
7
6
8
8
4
7
8
7
9
8
11
9
10
13
14
15
10
15
17
23
22
12
9
8
10
13
12
17
12
6
17
7
16
8
9
13
10
7
9
5
4
3
4
7
3
7
7
4
8
10
7
3
3
1
2
3
5
6
4
3
4
6
2
4
9
2
2
5
2
3
9
9
6
17
11
6
12
9
6
1
2
2
3
0
1
2
2
2
6
2
3
2
7
2
5
6
3
4
3
1
4
5
6
11
5
2
9
5
3
4
5
2
6
5
6
4
6
7
6
13
14
9
13
10
11
11
16
14
16
16
25
25
21
36
57
46
33
18
18
12
17
16
12
8
9
8
8
15
5
9
9
8
7
1
5
6
4
7
8
9
6
7
3
3
3
9
10
6
1
2
2
5
3
5
2
2
5
1
3
2
5
3
3
4
2
1
3
4
6
6
10
5
11
11
11
13
7
5
7
5
3
1
6
1
4
4
1
3
3
1
5
5
9
5
1
2
3
7
6
8
3
2
7
8
8
7
6
9
3
3
10
10
6
10
15
12
8
10
13
8
7
6
15
7
10
12
10
11
16
14
19
21
20
18
10
13
12
11
3
13
4
11
4
8
13
3
7
4
8
5
2
5
5
3
9
3
3
4
9
2
7
4
2
8
5
4
5
4
5
2
6
4
6
4
7
3
3
3
2
5
5
6
6
4
8
14
9
4
10
10
15
25
63
155
