664
323
153
135
99
101
103
98
81
58
87
87
65
57
50
58
67
60
56
58
60
76
67
63
60
63
58
57
71
65
69
51
68
74
79
70
52
56
60
53
77
60
49
64
60
55
54
47
49
68
59
54
59
65
74
95
99
92
135
169
198
317
297
196
174
147
130
138
136
116
102
120
127
121
111
133
120
111
109
122
148
191
195
215
211
144
170
149
122
134
163
135
113
107
123
96
101
102
105
79
114
82
84
84
83
89
75
83
72
92
83
77
88
90
66
83
84
109
122
164
108
102
110
98
74
74
79
86
78
81
80
85
77
74
64
84
85
71
86
94
83
91
78
73
97
98
93
109
100
97
127
115
142
126
120
130
115
108
136
124
121
154
127
116
127
144
119
144
163
180
178
205
203
196
279
282
296
402
493
731
1157
754
532
400
299
280
269
203
178
193
154
187
164
176
148
139
130
130
114
119
125
140
134
148
114
111
146
128
98
134
131
110
109
120
104
105
90
95
78
95
75
95
90
79
70
71
64
86
86
82
72
72
64
77
67
73
77
101
110
116
119
142
99
99
87
79
96
85
76
70
84
85
87
78
85
78
91
85
94
100
80
109
96
107
96
111
100
101
135
127
107
101
107
143
149
173
195
217
205
159
166
122
107
107
108
118
123
113
114
121
134
110
126
152
117
168
169
173
301
348
230
148
109
101
109
93
93
66
60
74
61
58
57
67
65
67
57
58
46
63
62
59
68
67
72
81
80
67
47
56
76
60
59
87
59
70
70
79
57
49
76
72
54
76
64
80
72
69
80
99
81
87
79
88
101
96
104
136
192
278
