653
279
157
98
61
55
26
23
15
19
10
16
14
18
14
15
10
21
13
8
7
9
9
9
9
10
8
12
7
5
12
6
3
4
10
8
8
10
11
6
7
9
9
3
6
14
14
3
9
9
6
9
9
4
8
4
7
11
6
12
6
8
7
10
5
6
5
5
6
10
8
10
6
16
7
7
6
9
2
5
11
4
8
8
6
5
6
10
11
11
8
12
3
10
15
8
6
10
9
7
12
3
3
6
6
10
8
8
3
7
8
7
6
3
7
7
5
6
7
14
11
4
7
10
4
8
7
11
4
11
3
5
5
11
10
5
11
5
10
7
9
10
7
7
5
5
8
12
8
7
13
8
8
18
4
9
7
7
13
8
5
12
13
12
11
17
12
7
18
13
20
22
24
22
21
35
39
41
62
105
202
75
59
60
44
24
28
25
22
17
19
16
16
14
11
10
6
11
5
14
10
9
9
7
6
4
9
7
8
10
10
4
7
12
7
9
7
4
9
7
7
5
7
6
5
6
13
8
13
7
3
6
13
12
6
5
5
9
7
10
6
6
9
10
7
5
5
6
4
12
13
8
8
5
14
13
6
7
8
7
10
4
6
8
5
10
9
11
11
15
10
13
7
9
6
9
14
7
7
7
5
6
11
12
7
4
5
7
7
3
7
5
7
7
12
11
7
4
9
6
10
9
11
10
5
5
6
12
11
13
13
10
8
11
7
14
11
9
5
8
9
15
12
7
7
9
6
10
4
11
7
12
8
3
5
13
10
7
8
13
7
5
14
17
7
17
15
18
13
10
18
19
21
25
39
48
61
100
147
278
