171
61
12
12
10
3
2
4
6
1
4
4
1
2
5
1
2
2
0
4
3
1
2
0
1
0
2
1
2
2
0
4
1
0
0
1
2
3
4
1
3
3
2
1
0
0
2
3
1
7
3
4
1
6
6
3
3
3
3
2
7
2
6
5
6
8
7
5
7
4
3
4
7
7
7
8
13
12
7
12
7
7
10
4
8
5
8
10
6
4
6
15
6
8
4
7
9
9
8
7
10
8
7
7
2
3
7
6
6
6
7
5
6
13
13
3
3
6
3
0
7
6
3
2
2
2
4
4
7
2
4
4
2
0
2
4
2
1
0
0
0
3
1
2
6
3
2
1
3
4
3
2
2
1
2
1
3
2
1
2
0
2
2
6
0
1
0
1
2
4
0
2
2
1
5
3
2
1
3
4
30
4
10
1
0
1
4
3
0
2
2
1
2
3
0
4
0
2
2
3
2
2
2
0
3
4
0
0
1
1
0
3
0
3
0
1
2
2
0
1
2
1
0
1
2
3
0
1
2
3
1
2
1
2
6
4
1
2
1
1
6
7
7
4
7
6
8
10
3
7
11
3
11
7
6
8
6
7
9
10
6
6
5
9
8
12
8
9
3
5
8
10
6
8
8
8
5
7
10
11
8
8
5
9
4
8
5
5
5
9
3
2
9
7
12
3
6
1
5
2
3
7
3
5
5
3
2
1
6
5
3
3
1
3
2
0
3
6
4
6
4
1
2
0
0
3
1
0
0
1
0
1
1
1
1
1
4
3
2
0
1
2
1
4
3
1
7
3
2
2
5
5
5
0
5
12
10
4
21
56
