238
173
113
81
62
44
54
40
41
36
40
38
49
41
31
45
32
42
43
43
43
28
31
25
22
21
29
28
23
35
27
28
34
27
27
20
22
30
33
21
15
19
35
14
30
26
22
30
30
33
17
25
27
20
28
32
40
28
29
47
27
35
35
38
44
34
41
32
42
31
29
31
25
40
39
35
32
59
49
41
53
61
47
45
62
75
71
79
64
64
78
66
52
65
48
48
68
59
43
42
46
38
39
41
40
43
36
34
62
43
42
30
31
27
39
32
32
29
36
55
48
35
37
25
25
29
25
30
23
26
17
24
23
18
17
21
31
19
10
13
15
21
16
16
13
13
13
19
15
17
13
14
19
23
11
18
24
24
20
24
17
18
17
17
22
26
21
27
25
26
33
22
19
24
24
36
32
42
45
86
124
80
61
44
40
29
17
29
25
13
21
22
15
23
22
21
16
13
15
18
16
16
15
14
20
18
26
15
16
15
23
21
25
13
12
23
20
15
18
13
15
15
20
19
24
23
20
20
17
27
13
22
27
33
25
19
39
33
40
41
52
35
40
36
37
39
31
40
37
35
41
34
37
39
31
44
40
51
44
41
44
31
61
59
44
52
50
50
58
71
77
76
77
77
58
63
60
70
48
59
41
53
54
49
60
35
40
42
32
44
49
36
28
38
41
42
35
49
40
35
40
36
45
39
35
43
31
33
30
28
26
12
31
24
26
19
24
29
32
22
22
16
26
27
19
18
23
23
26
31
30
39
34
27
33
31
33
33
33
25
47
44
44
35
68
37
42
58
40
49
34
40
37
37
42
47
63
85
117
154
