9092
2906
1431
866
607
454
339
345
300
258
218
206
217
207
201
171
155
128
124
129
131
121
119
108
122
118
130
124
147
140
147
166
130
165
125
133
148
126
109
117
116
113
95
98
94
95
92
71
72
73
78
75
57
70
89
65
76
82
93
64
73
59
62
68
65
52
69
40
63
43
25
37
54
41
43
46
40
40
38
43
44
48
54
46
39
44
42
32
53
55
65
55
60
43
56
45
51
50
56
59
35
43
49
47
45
56
49
50
44
41
44
46
47
54
46
46
61
58
66
55
66
80
75
71
88
79
81
66
85
90
89
91
80
105
97
84
83
90
92
123
96
108
100
106
121
148
140
158
130
130
142
140
124
142
128
121
126
110
100
137
114
135
131
139
152
166
156
169
171
172
210
235
261
257
337
371
552
801
1199
2171
5484
2139
1167
783
548
423
353
284
275
233
202
198
153
158
151
136
144
125
111
114
103
107
129
93
106
106
119
134
117
117
119
127
139
114
144
138
112
124
118
86
100
96
96
85
106
79
92
91
84
69
62
64
71
66
72
87
91
73
82
60
58
52
72
65
53
57
51
51
55
40
37
42
41
50
30
42
47
36
41
53
35
47
47
42
47
45
42
49
61
47
64
56
59
59
50
39
46
43
46
56
42
38
53
45
51
59
26
54
61
35
60
65
58
65
64
44
72
80
46
81
71
57
77
83
88
82
101
76
73
97
91
103
69
117
101
89
103
87
84
127
108
106
99
139
129
124
148
156
156
141
132
123
153
145
135
122
137
124
141
145
134
146
138
139
160
182
199
211
202
231
247
294
325
313
380
420
606
810
1477
2867
