1761
663
288
158
99
106
68
50
48
34
45
39
34
19
26
30
31
18
26
32
32
23
22
23
25
39
33
22
28
18
20
22
15
17
24
15
18
21
10
12
14
12
17
14
9
7
7
13
13
9
7
10
11
6
5
8
10
6
7
10
6
6
7
10
8
13
5
5
5
4
8
5
7
4
7
3
6
4
7
2
5
11
6
4
4
6
5
6
5
3
10
3
5
3
6
11
3
6
7
6
4
12
4
4
8
6
1
6
3
5
4
7
6
11
3
3
5
7
13
9
5
5
8
1
8
11
7
11
7
10
11
7
9
6
9
7
7
10
10
8
17
6
14
15
12
13
21
19
28
19
30
32
25
27
22
21
21
32
18
23
39
30
28
22
23
19
26
33
26
29
31
34
32
54
53
68
98
123
319
649
1662
658
294
139
111
89
62
39
53
37
41
36
24
20
27
33
26
22
21
28
15
29
36
38
21
30
21
22
23
20
28
16
27
18
14
13
13
23
15
12
17
8
20
12
15
11
15
15
9
10
13
3
12
7
2
12
7
6
7
10
9
3
5
6
9
5
7
3
5
4
3
7
3
5
4
1
5
11
7
6
2
8
9
5
7
8
4
4
9
10
9
4
8
2
5
5
7
8
5
7
6
2
3
5
4
6
4
5
7
6
4
8
6
2
5
5
7
6
9
11
7
20
5
7
8
10
7
9
13
15
9
12
7
12
7
17
10
12
5
11
12
14
14
13
13
14
10
21
20
32
30
28
33
32
24
31
28
37
34
32
28
29
38
28
26
15
38
31
26
37
32
47
40
65
66
75
100
137
311
725
