381
161
86
63
55
44
49
44
49
44
43
29
26
34
43
37
34
25
22
33
21
27
22
29
32
33
25
27
40
30
30
31
20
33
26
26
23
28
26
23
28
17
32
28
22
27
28
30
27
40
28
27
26
33
35
38
44
47
53
41
75
71
65
62
46
53
42
37
37
35
42
36
38
41
29
40
38
39
55
35
31
45
45
52
46
45
44
44
61
47
54
60
51
32
33
52
56
63
56
57
45
41
67
68
48
58
54
61
62
69
57
67
55
59
45
46
65
54
73
68
58
65
55
44
56
49
57
46
37
32
40
30
39
47
38
29
30
48
36
36
33
32
32
43
41
31
32
36
26
44
39
33
29
23
39
39
34
41
31
40
41
38
33
37
36
44
46
34
49
32
46
36
41
30
54
54
60
78
91
170
312
140
100
73
60
71
46
48
51
34
48
43
56
38
35
36
28
39
28
33
37
40
49
32
39
29
30
25
22
23
43
29
37
37
35
24
22
35
35
35
26
38
35
33
40
33
37
48
44
29
46
40
52
43
58
48
45
54
60
66
46
66
63
72
72
54
58
60
64
58
60
73
65
42
48
54
65
52
47
53
59
60
46
50
56
55
50
40
40
59
64
66
44
46
50
40
54
43
36
41
50
50
58
38
26
23
31
48
49
34
34
34
39
45
39
53
61
60
77
81
67
46
47
40
42
49
36
43
34
37
33
27
33
33
32
19
39
43
28
23
29
31
40
24
30
32
22
21
26
20
33
35
40
32
29
28
24
22
27
26
20
30
33
39
34
30
29
34
30
35
44
34
43
40
36
47
53
70
83
159
