1228
239
137
106
61
54
50
37
37
33
26
30
25
20
22
18
16
15
14
14
11
18
9
10
11
8
10
10
11
9
9
5
5
11
11
11
13
9
8
11
9
10
8
7
8
5
3
3
6
6
5
4
5
4
3
1
6
8
9
5
11
8
3
4
6
2
4
3
7
2
5
4
4
6
4
7
9
4
1
1
1
3
5
9
5
3
1
3
5
1
1
2
8
3
3
2
3
2
2
3
7
3
5
7
6
1
6
9
5
5
8
5
3
8
5
3
6
5
4
7
4
6
6
4
12
10
8
5
8
7
11
2
7
9
9
6
10
8
6
12
14
9
7
11
12
14
6
11
13
12
7
8
10
8
13
27
17
12
18
18
28
14
18
15
23
25
25
27
38
29
35
40
47
52
39
69
68
119
156
248
906
249
150
127
73
61
48
43
53
51
34
23
23
29
25
16
25
18
19
19
18
20
14
15
12
8
13
14
9
15
4
8
11
12
11
21
5
8
4
10
12
6
5
8
6
10
9
2
2
3
6
9
10
5
5
5
8
6
13
4
6
4
0
10
6
5
4
2
3
1
5
3
0
8
7
2
2
6
7
5
7
2
2
4
3
5
3
7
3
6
7
4
5
2
1
6
5
1
9
5
4
2
5
6
6
9
4
1
3
6
6
11
3
5
5
9
0
4
7
6
3
3
7
7
5
9
8
6
3
9
5
8
9
3
10
6
11
9
7
7
7
5
9
14
12
10
4
9
10
7
6
10
8
8
7
5
12
11
11
13
12
11
13
13
16
18
20
27
26
26
32
37
44
33
56
57
71
111
144
260
