262
73
29
20
14
13
9
11
7
8
17
9
7
9
10
7
12
11
8
9
6
8
8
12
15
7
10
7
2
6
3
3
5
6
9
7
8
9
9
8
15
13
7
17
11
13
13
11
17
12
7
18
4
4
4
10
8
8
11
10
7
11
7
3
9
10
10
6
10
8
5
5
5
8
4
4
4
4
9
2
7
3
5
4
6
4
10
5
3
5
7
6
6
6
1
6
5
7
4
6
6
4
5
2
3
3
5
7
7
5
3
5
7
8
10
9
8
4
6
6
13
7
7
5
8
5
7
4
8
8
14
10
10
10
7
9
11
14
13
7
9
5
6
12
6
7
7
6
7
7
1
6
4
7
4
7
9
7
6
5
3
5
7
4
4
3
7
2
2
6
2
6
3
7
9
14
16
13
39
61
96
41
22
16
12
7
11
13
4
5
5
6
5
7
8
4
1
3
3
6
11
9
5
8
8
1
9
5
6
7
10
8
15
9
11
10
5
9
8
3
4
18
12
10
8
6
12
18
8
9
8
5
8
12
2
12
7
9
10
15
5
6
14
9
8
7
4
7
7
8
5
7
1
6
6
3
2
1
4
5
8
2
5
3
9
10
5
5
5
10
6
7
4
7
7
8
2
9
6
11
5
4
5
7
6
6
8
6
4
11
4
7
2
10
6
9
12
10
8
11
10
8
11
11
8
9
7
6
8
11
9
14
18
12
6
11
15
10
19
4
7
9
8
7
11
7
5
4
9
8
6
8
2
5
5
14
8
9
12
11
9
15
14
17
12
14
7
8
6
11
6
9
5
8
8
9
23
22
37
64
