295
85
30
19
20
12
9
11
15
15
10
2
8
9
7
4
12
3
8
5
2
8
5
3
2
4
2
1
1
1
1
3
2
2
1
0
2
0
3
5
1
0
1
2
0
3
1
1
2
2
0
4
0
3
4
0
1
1
1
3
1
1
0
0
1
2
0
0
0
2
0
0
1
0
0
0
0
0
0
1
2
2
0
0
1
3
1
1
1
0
1
2
0
2
0
2
2
2
0
0
0
3
2
1
0
0
1
0
0
0
1
1
1
0
0
0
1
2
0
1
1
1
0
0
1
0
1
1
0
0
1
1
0
1
0
0
0
0
0
0
1
2
1
0
2
2
1
1
0
4
3
1
2
2
2
1
4
4
3
3
6
7
8
10
9
7
6
13
19
8
15
14
22
16
21
30
29
31
39
62
224
75
31
25
23
18
17
22
18
13
6
14
19
8
6
15
8
10
10
8
5
2
9
4
6
4
7
0
1
3
2
2
3
4
1
2
2
3
1
0
1
1
0
1
1
0
1
2
0
0
1
1
1
0
2
0
2
0
0
2
0
0
0
1
0
0
2
0
0
0
0
2
0
0
0
0
0
0
0
2
0
3
2
1
1
1
1
1
1
0
0
0
0
1
0
1
0
0
1
0
0
1
0
0
0
1
1
1
0
0
2
0
2
1
1
0
0
1
0
2
2
0
4
2
1
1
0
1
0
1
3
0
2
3
1
3
0
2
1
1
2
0
5
2
2
0
2
0
1
2
7
2
0
2
1
4
0
3
3
4
3
4
3
2
11
4
5
5
7
6
8
4
4
8
9
6
12
22
23
70
