18
10
9
11
11
6
8
5
2
3
2
3
3
8
5
3
3
5
2
2
4
4
4
4
0
4
1
2
3
5
5
4
3
2
8
5
1
4
6
3
1
2
3
1
0
0
1
0
2
1
1
0
0
1
0
0
1
1
2
1
0
1
0
1
1
0
0
1
0
1
0
1
0
3
0
3
0
0
1
2
0
1
0
1
0
0
1
1
0
0
0
2
0
1
1
0
0
0
0
0
1
0
0
0
0
1
0
0
0
0
1
2
0
0
1
1
1
1
2
1
0
1
0
0
1
0
0
1
0
1
1
0
0
0
0
0
1
0
0
0
1
0
0
1
0
1
0
1
0
1
1
0
1
1
0
0
0
0
0
1
3
1
1
0
2
0
2
2
2
1
2
2
6
6
6
7
6
10
15
18
25
7
14
10
11
9
6
5
4
6
5
3
5
2
1
2
1
0
5
0
0
2
1
1
2
0
0
3
2
1
2
1
0
2
1
1
1
1
0
1
0
0
0
1
0
1
1
0
0
0
0
0
0
0
0
2
0
0
0
0
1
1
1
3
1
0
0
1
0
0
0
0
0
0
0
2
0
2
1
0
1
1
1
0
0
0
0
0
0
0
1
0
0
0
0
2
0
0
2
1
0
0
1
1
2
0
1
3
0
2
1
1
1
1
0
0
1
0
2
1
2
1
0
0
1
0
1
2
0
0
2
0
4
2
1
0
1
0
1
4
3
1
1
1
3
4
3
8
0
1
4
4
3
5
4
0
2
1
4
3
6
5
2
6
5
2
9
7
4
3
10
4
8
6
8
6
7
9
8
17
