194
53
17
12
8
10
7
6
4
4
4
5
6
11
7
8
7
6
4
6
4
2
6
6
6
3
4
6
7
9
9
5
4
4
3
3
4
6
4
3
9
13
3
7
9
15
15
10
10
5
7
7
6
5
8
7
6
4
9
8
5
8
5
5
4
6
3
4
1
8
4
10
9
4
6
6
4
2
11
2
3
6
3
6
5
6
6
10
7
5
8
6
6
7
5
12
2
7
5
8
3
3
4
3
6
4
3
4
3
6
4
2
7
5
1
3
10
9
6
8
10
9
4
9
5
3
4
4
6
3
8
9
8
11
8
11
7
10
9
7
8
5
6
5
2
0
2
3
6
1
3
5
2
1
5
5
2
0
1
1
5
5
4
3
3
2
1
2
4
4
5
4
4
5
8
1
2
11
4
28
70
30
14
13
6
0
6
2
3
3
3
2
3
2
2
3
1
1
4
2
3
4
6
1
4
7
2
2
3
6
3
4
5
6
4
4
9
8
3
6
6
10
6
8
6
12
9
11
8
5
8
5
8
4
6
4
3
2
7
7
12
8
5
6
8
4
3
4
4
4
5
3
3
8
6
3
2
9
6
3
3
10
4
4
7
9
10
7
4
7
5
11
7
5
8
6
3
8
5
4
7
5
4
3
7
6
2
6
5
7
5
1
11
12
3
5
9
6
9
1
9
7
6
7
4
6
2
6
5
8
6
10
14
14
10
11
7
9
10
13
6
5
6
2
4
1
5
6
5
4
2
7
8
3
2
5
3
2
5
5
2
4
9
8
8
10
5
8
2
5
5
8
8
8
7
6
7
14
24
37
