311
167
125
104
101
82
74
56
57
49
52
45
39
37
43
31
33
29
27
28
27
18
19
29
24
23
16
25
17
23
16
8
13
17
15
19
15
22
22
27
21
14
18
10
14
14
15
15
16
13
11
10
10
7
10
13
11
13
15
3
7
13
14
18
13
19
16
17
9
5
5
15
14
10
8
11
20
10
9
6
12
15
6
9
7
12
8
9
8
13
14
8
7
14
9
6
14
7
11
12
11
8
16
10
9
11
6
7
7
5
13
13
16
12
9
9
17
21
16
9
20
14
11
19
15
6
12
8
14
14
8
8
13
14
13
14
16
11
16
12
10
28
8
17
21
21
19
15
21
21
22
23
27
30
27
20
27
26
29
23
21
18
28
34
35
36
31
28
42
41
33
46
47
54
83
83
97
107
123
150
193
157
117
94
78
85
75
55
53
38
41
42
39
42
33
31
39
21
23
34
23
23
32
20
28
21
27
17
20
21
27
16
13
16
20
15
24
20
13
14
14
13
19
9
12
15
7
23
12
21
11
7
4
7
13
16
13
13
17
14
18
10
14
6
5
11
21
22
10
10
7
15
11
5
10
5
7
17
10
11
12
10
10
15
10
11
8
19
14
8
10
13
5
7
10
8
6
9
9
10
5
8
6
6
5
10
7
23
16
17
8
18
14
7
18
12
9
9
13
12
16
14
15
11
14
12
14
13
18
14
18
13
12
9
12
10
11
18
17
20
17
20
9
18
15
16
26
18
16
18
21
20
31
25
18
21
14
20
21
18
27
21
27
21
30
40
28
37
34
37
52
51
56
64
67
93
100
101
140
165
