1465
626
432
249
198
200
157
143
146
105
81
80
66
75
48
44
49
34
31
47
25
27
29
14
19
25
21
16
19
19
16
13
13
20
8
12
10
9
25
10
8
9
11
9
12
9
12
9
12
7
3
3
11
8
10
9
10
7
9
5
7
5
7
7
4
9
15
6
10
6
9
9
4
10
5
6
8
3
7
7
8
6
9
10
6
8
5
5
4
6
7
12
13
12
7
11
9
9
8
6
8
11
7
4
7
5
3
4
6
4
6
5
10
6
3
8
5
7
6
6
8
4
5
9
6
9
6
7
4
10
12
9
5
9
3
4
6
6
5
5
12
10
6
7
10
11
4
7
8
13
9
10
10
4
10
13
10
9
20
23
13
12
14
16
14
20
14
18
23
33
37
25
38
34
39
34
35
56
81
139
529
142
69
58
44
42
35
29
34
27
32
34
21
23
15
16
23
9
13
16
16
18
5
10
14
9
15
5
7
10
6
8
6
7
6
11
5
6
9
11
6
5
9
8
3
9
4
6
9
5
12
4
4
10
9
8
7
4
15
10
14
9
8
10
4
5
3
7
5
9
8
4
7
4
4
2
6
4
6
2
5
4
4
7
2
6
7
5
4
11
8
7
8
8
10
11
7
4
4
8
7
9
5
4
3
11
5
9
6
6
3
9
7
8
7
12
9
2
5
7
5
12
7
9
8
10
3
5
11
11
10
6
11
10
11
9
9
12
3
7
15
15
16
10
12
7
18
8
10
9
14
13
19
20
22
22
20
24
25
27
24
34
46
34
25
55
61
84
66
77
112
125
137
151
174
185
199
252
392
562
