117
76
75
66
64
69
82
74
67
62
52
49
50
61
58
51
75
56
45
64
59
60
52
63
50
60
55
68
55
49
49
42
53
69
48
48
49
78
65
73
67
66
71
66
84
85
89
97
91
91
119
131
132
143
161
177
185
240
297
316
309
299
253
289
223
215
175
154
112
114
89
88
96
71
63
71
76
49
57
59
40
56
40
39
46
53
42
34
34
40
51
37
40
31
50
26
25
39
41
32
29
28
36
28
30
45
20
38
32
19
31
30
21
23
24
33
22
26
40
37
25
42
38
38
30
32
25
33
30
27
25
25
28
31
28
38
33
37
40
36
28
32
19
27
31
34
36
25
43
30
39
39
38
34
31
51
40
46
47
50
41
60
62
66
79
71
84
73
74
109
114
109
131
164
143
179
238
215
247
319
365
304
262
268
208
193
161
159
118
104
90
74
73
76
72
62
76
50
48
47
45
43
43
44
37
45
46
32
41
34
43
36
48
31
33
31
33
26
38
36
40
33
36
29
17
26
32
22
24
19
28
33
36
32
23
26
24
38
23
31
34
34
34
19
26
40
30
32
32
27
23
29
29
30
36
33
33
31
45
30
41
39
41
34
33
36
37
33
26
51
45
40
40
30
39
55
62
44
48
50
49
62
57
66
81
75
77
116
94
102
95
127
135
160
176
183
220
282
257
300
312
287
309
258
200
171
141
155
107
106
109
93
96
70
84
79
62
54
67
64
73
51
76
55
61
61
54
52
59
46
55
60
62
46
60
52
56
52
57
54
58
44
47
65
40
43
64
55
61
53
70
46
54
67
68
60
75
75
71
84
