6575
2005
940
639
409
423
359
304
329
324
298
313
239
236
216
219
205
186
189
165
160
151
145
134
165
140
151
142
141
145
153
137
132
144
159
155
205
242
202
209
182
148
142
118
120
101
110
107
105
103
89
98
80
75
70
77
79
75
90
87
85
98
74
82
88
74
80
75
73
84
63
71
87
79
79
68
71
65
68
48
69
77
69
86
79
91
79
94
102
85
123
94
116
74
96
88
80
71
66
79
59
65
67
63
68
60
55
76
73
75
77
79
67
85
65
63
73
76
76
81
80
92
91
65
92
84
81
64
76
73
101
75
92
89
105
96
89
118
125
130
156
177
216
211
201
161
153
149
152
141
127
120
137
126
149
161
139
149
137
142
162
151
179
155
164
166
195
189
227
225
261
276
293
319
275
344
419
545
921
1748
4582
1693
857
574
413
363
321
316
318
315
252
236
202
183
202
173
197
142
141
179
128
170
146
167
142
134
121
119
115
129
150
121
164
139
133
181
189
234
187
199
159
167
110
108
93
108
103
102
81
72
83
78
83
77
70
82
88
72
89
99
71
73
73
69
97
57
55
69
65
70
61
77
62
83
63
59
52
70
69
62
64
69
78
84
89
105
89
96
85
117
135
107
87
103
80
75
78
90
87
85
79
57
60
73
56
81
66
74
77
73
81
86
88
86
87
74
74
83
93
78
96
99
80
94
77
106
86
87
88
103
80
104
110
94
109
125
100
118
131
133
168
214
222
220
209
166
155
172
159
131
150
152
155
154
145
132
149
161
157
157
161
182
201
195
177
213
236
231
226
286
271
311
298
328
351
371
469
633
1061
2130
