448
158
59
54
41
33
17
28
33
25
17
17
21
15
16
19
12
16
14
9
16
15
8
12
11
9
10
11
7
14
14
12
8
15
13
7
14
11
13
7
12
14
5
12
15
8
7
11
9
10
17
11
19
20
7
19
12
14
17
17
21
19
20
18
23
22
22
34
33
30
26
32
29
40
35
55
59
62
64
74
60
51
61
45
52
60
70
65
71
79
52
46
62
48
47
35
40
32
45
40
43
30
31
28
38
24
22
16
31
21
13
14
13
16
24
17
14
18
20
26
11
22
12
22
14
10
15
16
9
6
13
5
9
8
8
8
15
6
5
7
9
8
14
16
10
17
16
8
11
8
8
9
8
15
14
11
7
16
11
8
17
14
17
25
20
16
18
23
18
17
10
27
21
30
31
30
54
52
80
180
394
140
108
43
45
31
28
31
24
22
23
14
17
20
14
17
16
14
14
14
24
7
15
9
9
13
13
9
16
13
15
14
13
17
12
13
4
6
5
10
5
13
7
13
14
10
13
8
11
11
14
14
8
21
6
13
11
9
23
22
19
23
15
12
18
15
16
14
22
26
14
17
25
29
27
9
31
19
26
27
48
35
34
40
43
49
49
44
47
57
61
58
59
59
76
54
50
51
64
57
65
81
64
53
56
39
42
39
33
32
30
23
25
28
29
19
23
22
21
23
11
14
16
21
11
19
16
8
11
17
17
10
11
10
11
7
9
11
13
15
10
15
6
14
17
17
16
10
11
12
12
10
9
16
17
12
8
11
14
17
18
8
11
14
13
17
15
18
15
12
16
18
27
28
21
37
37
51
96
124
