57
25
21
17
30
27
22
23
25
21
24
21
21
14
20
16
33
17
12
18
10
19
20
22
22
25
15
33
22
21
25
22
18
21
19
20
29
13
13
17
17
14
16
25
14
12
20
18
19
26
20
27
19
26
8
15
22
23
19
19
13
19
20
12
9
14
12
13
12
20
16
21
20
19
16
13
24
16
4
25
25
10
22
15
13
17
12
19
15
20
16
20
23
22
19
19
18
20
22
17
19
16
17
20
7
23
19
20
21
15
12
20
15
17
17
16
13
21
13
9
10
10
13
12
12
10
14
6
26
10
17
10
20
8
17
11
15
15
18
11
7
13
12
16
12
8
17
22
14
10
16
24
18
15
25
28
18
28
10
21
24
15
16
19
16
14
32
25
17
20
13
21
19
18
27
18
26
34
23
40
45
33
28
29
24
18
16
24
25
27
28
18
15
17
28
26
18
25
28
29
22
22
27
14
19
20
19
19
19
15
9
18
27
16
24
12
21
15
9
15
8
15
21
11
13
14
10
15
11
18
8
10
16
8
12
14
14
13
16
22
19
11
11
16
10
17
18
15
20
11
9
26
14
19
19
14
14
24
18
17
10
19
19
18
21
20
21
11
10
20
16
16
14
20
19
22
15
13
13
18
18
22
13
18
21
14
17
16
15
11
15
15
11
13
15
14
12
14
17
16
15
18
20
17
20
21
26
15
20
23
17
27
19
23
21
15
24
13
16
30
25
21
18
24
18
28
22
17
19
19
20
24
24
18
21
19
18
19
27
24
22
16
22
23
23
12
19
16
19
17
27
32
29
22
17
26
15
15
31
32
