835
398
226
157
124
113
125
119
121
113
119
85
109
80
100
97
87
82
85
89
75
72
91
94
99
99
83
91
83
84
89
82
78
111
81
85
86
86
93
79
110
93
89
86
76
88
97
115
88
134
99
114
107
121
138
136
149
169
182
205
237
213
257
246
220
236
208
194
208
207
203
195
202
183
177
172
185
186
172
176
181
198
194
168
175
206
196
177
230
228
266
250
208
162
132
164
141
158
149
157
136
132
145
165
146
150
120
140
144
146
150
138
124
142
107
89
148
128
190
162
156
169
130
120
141
130
121
95
114
101
105
98
105
114
104
82
93
103
100
110
105
102
94
131
113
110
93
110
115
125
103
114
105
84
122
133
119
125
112
119
151
125
120
136
132
139
155
140
154
133
138
143
138
138
153
168
205
225
259
400
710
378
264
210
190
168
139
137
137
131
146
138
140
124
155
145
114
129
101
113
120
116
147
119
117
114
114
108
93
99
115
106
117
118
113
87
109
106
99
87
78
89
114
85
121
83
98
107
124
89
97
94
127
108
128
117
121
135
139
168
129
163
172
166
161
119
137
132
143
133
133
151
130
123
125
147
138
149
141
156
129
162
151
145
164
176
157
165
195
253
264
260
223
171
196
185
191
175
172
178
207
192
173
157
183
170
175
225
191
195
189
204
216
198
210
222
253
261
253
243
215
185
173
163
176
150
115
121
123
118
114
95
126
105
119
65
98
99
91
85
93
98
104
89
89
89
81
76
76
83
98
84
100
100
93
91
72
79
101
90
85
76
101
95
92
98
94
111
94
93
122
103
111
128
109
121
129
183
240
379
