12
7
5
7
8
9
5
5
2
4
1
4
5
3
5
1
3
3
3
2
7
3
6
9
2
5
5
5
6
6
1
8
2
3
2
1
2
1
1
2
7
7
2
3
3
3
3
11
3
3
2
8
4
9
1
6
4
3
5
7
8
6
10
10
8
7
6
6
8
11
9
10
14
7
4
13
13
5
8
6
4
6
5
2
10
3
10
4
5
3
1
4
3
3
2
3
4
2
7
3
7
2
2
4
1
4
1
2
5
2
3
4
5
2
2
4
3
3
8
2
3
5
4
7
15
7
5
15
22
18
16
18
16
18
17
21
16
18
18
17
15
11
12
17
7
9
12
8
11
9
8
4
3
4
2
7
4
7
2
5
5
3
2
2
1
2
7
0
1
8
4
4
2
4
4
1
4
2
3
7
2
6
5
4
5
2
1
3
2
2
2
4
0
3
5
6
2
3
5
2
5
2
3
4
5
1
3
6
5
6
8
4
5
7
12
8
10
7
7
9
11
20
11
18
15
21
13
18
10
13
18
15
7
10
10
2
7
12
6
2
1
3
8
6
2
3
3
3
5
8
5
4
1
5
3
3
4
2
5
0
4
6
5
6
4
2
3
6
5
1
3
6
4
4
6
4
6
7
4
7
8
10
5
7
9
7
10
11
9
11
6
9
7
9
6
13
5
8
9
12
7
3
5
5
8
3
7
1
5
9
10
1
3
4
4
3
3
3
1
2
4
3
4
6
2
4
1
0
7
7
5
7
5
8
7
3
5
7
9
1
3
5
1
6
2
5
1
7
7
6
7
6
2
7
6
4
8
3
9
8
