70
54
58
45
38
38
28
29
27
32
29
19
35
40
34
33
36
31
34
56
36
33
42
30
29
24
16
29
39
32
35
28
34
40
19
22
21
24
19
14
16
9
13
15
5
9
7
8
11
7
8
12
4
3
4
6
14
14
17
8
5
11
10
14
12
22
15
19
15
26
21
21
14
9
23
18
15
14
19
11
6
13
15
6
14
10
13
8
10
9
3
8
10
12
8
4
7
7
5
8
7
7
2
11
7
4
7
6
4
3
8
4
9
10
8
2
3
9
5
4
7
8
9
5
7
6
5
3
1
3
7
6
3
3
3
3
6
8
6
7
5
5
5
4
3
5
6
7
5
4
5
7
5
2
7
6
6
2
7
0
2
2
2
5
4
3
3
6
8
8
10
6
8
6
9
10
7
9
11
19
26
10
11
8
3
5
8
4
12
9
6
9
5
3
5
5
5
4
3
4
8
1
7
6
2
5
4
6
4
3
3
1
3
6
4
4
4
6
2
5
4
2
6
5
5
2
6
9
5
6
9
5
6
7
5
5
5
5
9
7
6
8
4
5
1
6
5
5
1
2
4
7
12
9
6
6
8
6
7
4
8
5
5
4
6
6
9
6
12
9
12
4
10
5
7
8
11
13
12
9
12
10
17
16
9
15
12
21
12
17
24
28
23
15
17
13
15
10
12
10
8
5
9
6
10
7
7
5
6
6
5
6
10
7
4
10
8
15
19
10
13
13
18
15
21
25
34
28
25
33
30
29
26
34
28
23
37
35
21
28
38
23
39
39
34
39
36
28
29
24
27
33
20
28
35
27
29
24
40
49
