6323
4127
3661
3454
3350
3396
3230
3286
3218
3095
3180
2969
2941
3038
2872
2803
2898
2801
2799
2832
2697
2704
2630
2706
2720
2628
2622
2598
2664
2580
2658
2597
2439
2498
2507
2501
2670
2628
2654
2784
2773
2874
2948
3114
3303
3440
3801
4086
4404
4878
5488
6241
6969
7997
9299
11020
13675
16378
22389
31071
31598
26905
21665
17774
13806
10971
8970
7735
6702
5928
5308
4730
4090
3796
3376
3165
2992
2622
2479
2338
2277
2027
2053
1962
1910
1879
1795
1738
1685
1718
1659
1619
1561
1512
1608
1551
1480
1507
1422
1441
1370
1439
1357
1356
1375
1393
1328
1376
1267
1246
1292
1301
1182
1184
1267
1257
1276
1305
1249
1298
1281
1286
1278
1234
1196
1211
1215
1209
1167
1170
1206
1160
1178
1238
1288
1172
1192
1219
1242
1247
1186
1253
1258
1329
1266
1368
1316
1279
1328
1396
1429
1457
1493
1505
1585
1609
1620
1696
1822
1864
1959
2148
2173
2295
2473
2711
3045
3208
3730
4281
4733
5472
6102
7153
8271
10147
12775
15168
19805
27364
35898
27515
19640
15076
12672
10291
8558
7253
6209
5592
5135
4291
3852
3485
3091
2868
2645
2344
2273
2139
1926
1854
1744
1722
1613
1725
1587
1524
1474
1462
1428
1384
1407
1382
1367
1267
1341
1313
1254
1214
1261
1248
1264
1191
1242
1199
1164
1225
1156
1186
1214
1185
1267
1221
1219
1244
1264
1235
1285
1330
1303
1311
1231
1252
1247
1332
1251
1255
1301
1279
1304
1351
1278
1331
1232
1325
1370
1376
1342
1424
1382
1419
1441
1485
1549
1549
1580
1590
1602
1655
1623
1712
1650
1701
1681
1858
1871
1898
2030
2008
2205
2295
2394
2565
2878
3005
3215
3599
4074
4418
4966
5834
6619
7695
8944
10743
13775
17750
21807
26702
31767
31203
22330
16239
13800
11060
9390
8077
7228
6503
5805
5103
4427
4209
3957
3546
3359
3321
3067
3121
2792
2801
2820
2641
2572
2674
2555
2590
2533
2564
2690
2542
2649
2670
2717
2643
2712
2715
2687
2772
2899
2696
2807
2942
2857
2899
3015
3128
2994
3019
3080
3241
3143
3193
3140
3278
3307
3528
3664
4108
