19880
7997
5230
4105
3451
3207
2959
2791
2808
2655
2557
2563
2441
2603
2472
2328
2389
2328
2300
2327
2336
2295
2283
2369
2408
2289
2297
2365
2416
2470
2412
2330
2306
2320
2415
2310
2243
2231
2200
2255
2204
2149
2165
2074
2057
2033
2161
2051
2191
2134
2195
2274
2196
2427
2522
2716
2776
3118
3461
4333
5206
6377
5346
3593
2935
2629
2406
2273
2216
2139
1984
1968
1965
1892
1824
1825
1803
1840
1765
1784
1823
1816
1682
1721
1649
1688
1708
1833
1832
1890
1876
1850
1757
1780
1677
1691
1672
1623
1671
1642
1638
1619
1635
1594
1501
1581
1654
1601
1718
1757
1705
1695
1818
1821
1892
1996
2116
2214
2492
2861
3226
3093
2725
2345
2109
2041
2022
1893
1907
1782
1760
1660
1681
1752
1658
1677
1624
1699
1728
1737
1658
1766
1713
1726
1764
1804
1861
1939
1942
2007
1997
1980
2026
1971
2025
2067
2053
2083
1985
2036
2038
2050
1954
1968
2069
2054
2021
2129
1984
2153
2159
2294
2368
2487
2598
2941
3220
3725
4836
7788
16023
7809
4971
3712
3242
2830
2653
2487
2389
2211
2265
2168
2070
2160
2085
2084
1967
2033
1995
2165
2056
2125
1966
2023
1939
1994
1897
2042
1934
2062
2093
1896
1982
1974
1895
1827
1757
1748
1642
1744
1660
1658
1750
1647
1632
1662
1707
1681
1704
1730
1771
1769
1798
1931
1957
2038
2177
2304
2652
2996
3187
2842
2574
2314
2034
2018
1814
1907
1699
1760
1748
1689
1663
1549
1676
1689
1598
1628
1576
1608
1593
1662
1678
1691
1610
1697
1671
1737
1690
1845
1914
1858
1814
1844
1775
1756
1707
1698
1704
1780
1714
1680
1705
1782
1846
1779
1803
1886
1911
1981
1981
2118
2155
2278
2472
2724
2963
3636
5264
6217
5233
4390
3536
3115
2832
2647
2509
2353
2256
2232
2132
2110
2109
2093
2134
2104
2035
2069
2091
2139
2163
2153
2134
2209
2226
2253
2290
2346
2228
2309
2393
2481
2441
2261
2325
2245
2254
2285
2253
2405
2406
2357
2366
2339
2418
2394
2409
2415
2536
2561
2611
2702
2744
2812
2963
3239
3533
4049
5071
7757
