208
86
87
44
42
56
33
44
38
37
40
39
39
41
38
39
31
39
46
36
37
44
38
41
41
34
30
26
41
26
34
29
33
38
40
34
31
34
29
24
32
26
23
25
24
31
24
27
28
41
22
20
26
32
21
27
32
26
27
27
34
25
35
22
28
31
45
29
22
20
32
19
17
24
26
17
16
26
24
28
17
20
23
24
18
22
22
22
21
29
25
27
27
22
23
27
21
21
28
21
26
22
30
24
30
26
24
32
37
28
28
24
29
20
25
19
22
31
25
43
35
45
44
38
33
27
36
26
28
27
33
31
26
33
24
33
37
19
23
25
32
28
38
31
21
29
21
28
20
23
24
32
27
23
34
23
28
28
22
21
23
21
17
14
25
24
25
25
30
27
19
21
21
24
29
26
29
30
26
61
123
68
41
41
33
35
29
25
27
27
24
28
26
32
23
22
20
27
22
28
29
23
24
21
24
21
20
29
31
24
27
26
33
23
27
31
26
30
19
27
26
25
27
26
27
22
27
23
20
27
39
25
24
24
22
25
29
37
34
36
25
37
30
29
29
31
24
27
30
13
28
30
30
27
27
29
26
34
29
27
25
31
27
31
23
29
16
34
19
22
29
26
27
24
24
32
23
34
17
12
20
25
26
21
19
22
26
15
23
18
21
23
22
22
29
21
31
25
25
30
26
30
25
27
29
33
30
22
19
15
21
29
25
24
18
20
19
34
31
27
26
25
23
36
38
25
30
16
27
40
21
32
33
32
42
31
44
42
30
29
42
31
36
43
39
48
33
42
44
41
35
35
31
38
34
42
46
52
71
104
