36833
13520
7113
4698
3604
2919
2631
2144
1997
1736
1595
1570
1424
1372
1276
1227
1171
1095
1089
1073
1028
965
943
869
839
872
977
941
918
865
855
912
850
881
869
834
863
892
828
811
806
698
712
670
666
601
624
584
581
570
536
544
521
568
589
590
511
520
550
475
519
458
468
487
487
437
445
405
405
409
349
383
385
397
394
398
361
409
399
384
393
381
369
380
407
407
417
415
472
470
489
453
473
401
435
396
428
383
416
411
364
377
358
401
394
352
366
406
365
408
394
393
416
395
351
373
438
475
503
455
501
534
550
486
523
517
573
514
498
500
542
482
524
579
573
568
594
576
629
620
591
649
674
698
820
699
746
769
745
742
704
773
756
834
763
763
781
736
741
840
820
889
928
969
1020
1064
1102
1100
1196
1347
1457
1598
1760
2073
2467
2911
3799
4961
7281
13015
32798
12761
7061
4922
3763
3046
2461
2096
1875
1560
1503
1355
1185
1164
1045
1067
1031
969
902
855
867
728
765
742
793
749
763
756
732
743
712
762
772
736
773
728
761
715
702
690
619
629
552
543
598
537
533
565
532
499
541
502
511
525
551
538
494
525
524
481
513
443
484
445
420
392
384
404
391
347
386
355
384
436
358
376
346
357
370
372
377
329
379
382
440
408
405
434
440
478
548
483
433
440
401
376
407
377
354
406
419
377
375
353
401
424
417
408
399
402
394
408
414
424
460
402
424
457
452
478
511
512
543
563
559
593
626
605
579
547
595
579
608
601
627
653
667
670
690
720
807
791
817
936
853
819
886
850
846
869
921
833
904
931
995
913
962
952
901
969
1007
1052
1127
1080
1087
1144
1339
1333
1421
1556
1670
1848
1968
2183
2520
2955
3588
4740
7336
13602
