1059
255
193
123
109
97
78
75
74
69
76
73
57
63
55
56
60
50
46
46
43
31
43
34
38
42
42
37
36
52
38
28
33
21
27
30
31
29
31
28
30
29
30
24
25
26
20
22
29
15
19
34
20
26
23
28
18
25
27
20
22
23
22
28
23
21
18
34
29
15
18
26
20
13
23
24
21
24
22
26
21
21
20
33
30
16
22
15
20
24
22
31
20
26
23
19
22
17
24
26
18
18
20
20
20
21
22
19
16
14
27
24
21
14
21
29
22
18
22
19
18
35
21
20
26
25
23
18
18
30
30
28
17
23
14
18
27
28
22
20
26
34
23
30
24
17
33
33
34
32
46
32
39
41
48
35
31
48
45
39
43
43
38
56
50
39
52
46
54
55
58
70
76
72
87
99
103
123
172
265
891
255
185
109
126
93
88
75
72
66
73
71
53
57
59
54
39
55
47
42
41
43
37
39
21
32
40
35
32
42
44
35
27
32
26
32
28
32
29
30
25
33
30
31
28
31
22
24
21
25
23
25
25
30
30
27
23
24
13
26
25
25
20
27
19
25
17
20
20
18
25
17
10
18
21
27
20
25
24
23
23
17
17
24
22
24
21
21
27
24
33
29
22
16
23
28
22
19
14
19
20
23
24
15
17
14
18
25
26
23
26
33
20
24
27
23
28
17
22
24
24
24
25
25
14
24
22
22
17
31
33
26
25
20
27
19
30
37
20
32
26
33
31
33
33
20
34
26
39
28
43
41
40
43
41
40
37
38
38
42
40
46
40
60
54
54
56
43
67
80
58
80
88
70
89
101
113
137
180
267
