97
27
19
12
6
6
0
6
3
1
1
3
6
3
9
3
4
9
1
4
2
1
7
3
0
1
7
4
3
2
4
4
2
1
6
3
5
2
9
3
4
2
9
0
7
2
4
4
3
1
2
5
3
2
2
1
3
3
2
4
8
4
4
2
2
2
3
2
1
4
6
1
3
1
4
1
3
2
3
4
1
4
3
3
2
8
5
6
5
6
4
6
8
1
6
2
4
5
3
2
5
3
2
4
0
0
2
1
3
4
2
4
11
2
2
3
3
9
4
4
4
2
1
3
1
1
1
2
4
1
7
5
6
3
0
0
2
1
3
0
3
4
2
3
4
5
2
2
1
1
2
4
3
2
1
0
1
2
1
2
0
1
1
2
2
0
1
2
2
3
3
2
1
2
0
3
8
10
11
14
60
15
11
10
4
2
5
5
1
2
3
3
2
1
1
2
3
3
0
1
1
1
4
2
2
2
1
1
5
2
4
3
3
2
3
4
6
8
0
3
3
3
5
8
2
2
2
2
1
2
1
5
7
2
6
2
0
1
2
3
6
2
1
6
3
4
3
2
4
3
2
3
2
2
0
2
1
3
1
4
3
3
4
7
2
6
2
4
7
6
6
5
6
4
6
2
4
4
2
1
8
2
2
3
2
2
4
1
3
3
4
5
5
3
3
3
8
11
4
3
2
4
7
6
2
3
2
0
0
8
8
3
2
6
4
2
2
0
4
0
4
2
4
2
7
1
3
5
1
2
0
2
4
0
2
0
1
0
2
1
5
2
0
2
1
3
5
4
2
6
3
1
1
1
4
2
10
5
12
42
