101
23
11
9
9
6
9
7
6
8
8
10
5
3
4
3
8
5
8
7
5
2
3
3
7
6
7
5
5
1
6
2
3
5
3
0
7
3
3
2
3
5
0
2
2
3
4
4
8
2
3
5
6
2
0
2
2
2
7
5
6
9
8
6
9
4
3
1
7
1
2
5
7
6
1
3
4
1
2
5
1
2
4
4
3
1
5
7
1
1
5
2
8
3
1
1
0
1
4
0
1
0
2
3
7
5
4
3
1
4
4
1
0
2
3
7
5
4
5
4
6
5
5
4
4
2
3
4
3
2
1
4
3
1
2
3
5
2
1
1
2
3
3
3
4
3
2
2
4
8
3
3
4
4
6
5
7
3
5
13
6
4
3
11
9
4
5
4
6
3
3
9
2
4
5
8
11
3
15
20
78
19
17
13
3
8
9
7
9
3
5
2
6
8
3
6
7
5
5
5
4
6
5
10
9
2
2
2
2
5
3
6
4
4
0
7
2
4
2
1
1
1
1
3
5
4
3
3
1
1
2
2
2
5
5
3
3
4
4
3
7
6
6
4
3
3
4
3
1
1
9
4
3
1
3
5
4
3
0
3
3
3
4
1
3
5
2
2
2
2
5
4
0
5
2
3
1
1
3
4
3
0
2
9
3
6
2
3
6
3
5
3
2
4
4
9
7
6
11
4
10
1
6
2
4
2
3
3
3
3
3
2
2
2
5
5
4
2
2
5
4
3
2
3
6
5
3
6
2
1
10
2
12
7
8
5
3
4
5
10
11
10
6
8
5
8
8
9
7
4
11
5
8
12
7
5
14
7
14
22
