77
17
10
11
5
11
1
3
1
5
0
0
4
4
3
1
0
0
1
1
0
0
0
0
0
0
0
0
0
0
1
0
1
2
0
0
2
0
0
1
0
0
2
0
0
1
0
0
0
0
0
0
2
0
1
0
0
0
1
0
0
0
1
0
1
1
0
0
0
0
0
0
1
1
0
0
0
0
1
0
0
0
0
0
0
0
0
0
0
0
0
0
0
0
0
0
0
0
0
0
0
0
0
1
0
0
1
0
1
1
0
0
0
0
0
1
0
0
0
0
0
0
0
0
0
0
0
0
0
0
0
2
0
0
0
3
0
1
0
0
1
1
0
1
0
0
0
0
0
0
0
0
0
0
0
0
1
0
0
0
0
0
2
1
0
0
0
0
0
2
0
1
5
5
1
9
11
6
14
20
54
14
10
11
5
3
5
1
5
2
4
2
4
2
1
1
1
2
1
2
0
0
0
0
0
1
0
0
2
2
0
1
0
0
1
1
0
1
0
1
2
1
0
1
0
2
2
2
0
1
0
1
1
1
0
1
0
1
0
0
2
1
0
2
0
0
0
0
0
0
0
0
1
0
0
0
0
0
0
0
0
0
0
1
0
1
0
0
0
0
1
2
0
0
0
0
0
0
0
0
1
1
0
0
0
1
1
1
0
0
0
0
0
0
0
2
0
0
0
0
0
0
1
0
0
0
0
0
1
0
0
0
0
0
0
2
0
0
1
0
0
1
0
1
1
1
2
1
0
0
0
3
1
1
0
1
1
0
1
1
1
1
0
0
1
0
1
1
0
0
2
2
1
2
1
11
13
8
16
23
