490
55
25
23
14
15
13
7
5
8
14
14
15
10
13
12
5
8
3
11
8
6
6
5
2
4
7
2
4
4
5
9
2
1
2
6
2
2
3
3
3
2
1
0
2
2
2
3
3
0
4
2
2
1
3
1
3
1
3
0
2
2
2
2
1
3
2
0
0
1
1
4
1
3
0
0
0
1
2
0
0
3
0
1
3
1
0
2
0
1
1
0
0
0
1
0
2
0
0
0
1
0
0
0
1
3
5
0
1
3
0
4
2
3
1
0
2
3
1
2
0
4
0
2
3
1
1
8
1
0
2
1
1
1
1
2
4
0
3
2
2
2
3
1
1
3
3
5
2
2
3
3
6
2
7
2
2
3
1
3
2
7
3
4
4
4
2
6
4
1
2
5
6
3
9
8
7
5
13
32
372
48
15
15
11
9
9
7
5
3
2
0
0
4
3
2
1
0
1
2
4
0
2
2
1
3
5
1
2
3
3
3
3
0
2
2
0
3
1
2
1
5
2
3
4
4
1
3
1
1
3
0
1
1
4
8
5
1
2
2
2
2
1
4
1
2
0
3
1
1
2
0
0
1
1
0
0
1
2
1
2
2
0
0
0
1
1
0
0
2
0
1
2
1
2
2
3
1
1
0
0
1
3
0
2
1
4
2
1
2
3
2
1
2
2
4
3
1
1
0
2
0
2
1
1
2
1
6
4
1
2
4
2
3
1
0
2
2
4
2
1
1
3
8
2
2
4
3
3
1
2
5
1
4
7
2
3
1
5
5
9
6
10
6
8
10
12
6
9
8
12
13
5
13
8
16
12
20
30
52
