1356
947
948
917
890
902
850
949
904
948
901
923
920
855
897
830
835
873
851
885
856
803
844
826
900
836
832
809
829
872
828
814
790
813
805
808
798
829
798
768
796
757
772
774
792
745
777
768
723
756
754
757
775
734
758
733
756
762
776
713
747
746
756
671
696
687
734
674
700
693
694
657
674
628
654
630
652
660
622
663
608
622
616
635
598
620
625
567
569
617
621
625
657
605
577
617
544
531
578
583
597
604
552
557
524
566
564
569
527
580
579
568
520
510
545
514
513
563
528
521
527
509
486
502
483
528
533
490
489
498
497
484
498
463
484
461
472
492
475
517
508
478
476
474
462
482
473
491
499
467
495
494
477
464
488
474
465
478
461
468
423
463
452
416
440
467
430
452
467
452
465
439
439
477
459
472
472
490
482
535
700
530
484
488
471
464
475
462
456
480
451
455
470
457
418
451
449
433
431
466
440
488
478
442
415
481
461
413
482
472
475
457
476
463
498
498
463
488
439
520
521
477
482
446
530
486
479
517
485
471
510
504
486
513
514
504
537
519
543
508
532
514
511
512
475
529
541
536
545
536
551
561
545
551
544
504
497
544
601
636
575
606
601
566
612
595
592
612
682
561
560
594
623
563
574
603
585
613
612
676
591
645
668
636
608
613
629
646
664
644
667
708
662
643
688
677
709
711
693
721
733
738
711
754
726
718
783
773
749
690
781
705
746
787
787
784
759
759
716
767
768
727
777
791
756
748
803
768
810
812
840
857
876
818
783
859
875
863
852
880
876
801
863
847
842
890
869
917
891
884
969
925
853
928
911
899
925
893
923
981
