3500
425
196
135
109
110
85
79
87
67
72
68
67
57
55
64
47
58
45
47
49
40
50
32
39
34
32
27
25
29
24
30
17
20
27
28
25
25
22
20
28
11
16
19
20
21
18
21
25
12
13
19
13
17
11
17
12
22
20
10
11
15
9
9
18
13
15
14
13
10
13
17
10
11
9
6
5
10
11
12
13
9
15
11
13
5
10
13
17
7
10
5
12
8
6
11
7
7
9
9
11
21
10
8
13
9
11
7
4
11
9
9
11
13
11
8
10
11
10
12
9
14
9
18
20
18
12
21
10
13
18
18
9
13
20
10
21
14
21
19
17
17
26
22
18
24
20
26
23
22
24
27
40
18
31
39
26
21
18
27
34
34
37
29
26
37
35
40
34
40
34
34
47
59
44
63
76
90
168
297
2432
326
153
102
71
73
61
52
47
45
38
36
42
31
42
28
30
44
31
32
35
40
28
27
23
26
29
27
24
27
28
23
21
32
24
24
12
18
12
18
23
18
15
33
26
20
15
10
13
15
19
24
16
12
15
24
21
14
13
12
15
9
14
19
8
16
8
8
16
11
12
5
10
13
17
11
7
7
9
5
5
11
7
7
10
10
12
9
11
7
14
7
8
12
8
7
13
7
12
7
11
10
13
10
11
16
12
12
11
10
17
22
10
17
12
11
20
13
10
13
16
18
8
18
16
11
24
22
23
7
15
17
12
23
11
18
19
22
24
22
20
17
19
26
38
26
21
29
30
33
15
26
32
28
36
27
36
28
31
30
50
31
43
51
52
51
65
64
43
72
83
77
93
95
92
99
117
132
204
449
