1763
547
309
238
200
208
182
199
198
157
155
160
161
168
161
147
167
158
160
162
154
140
155
129
124
129
118
140
122
145
129
108
124
120
118
123
120
121
117
107
97
89
102
71
89
84
108
70
77
100
90
74
77
83
71
72
74
83
89
80
86
88
88
74
81
63
84
61
75
66
65
57
52
77
64
74
62
66
68
51
52
68
68
67
64
55
65
49
51
53
64
60
66
60
53
61
59
44
54
50
68
52
59
58
59
79
46
54
54
63
50
61
70
56
53
54
41
49
59
51
55
60
81
65
52
59
57
47
52
49
59
46
42
54
60
53
54
71
54
51
61
42
59
64
54
68
42
49
58
70
72
54
62
64
72
55
73
72
58
56
55
54
66
55
65
58
79
60
79
72
70
64
76
92
91
87
115
142
186
274
1085
284
165
139
118
101
80
80
72
83
73
70
70
62
51
58
63
58
72
68
60
61
57
62
42
61
51
57
53
52
69
46
51
64
62
66
47
57
63
62
47
50
35
46
45
58
54
60
52
46
57
56
64
52
48
65
55
52
68
73
60
50
48
59
49
59
41
41
52
54
67
55
56
56
49
47
54
56
57
38
57
62
58
51
51
59
63
60
43
52
47
41
50
50
63
59
57
57
63
66
45
61
54
51
76
68
80
61
85
65
75
79
60
75
60
63
79
58
74
63
90
86
64
65
91
69
67
84
71
78
89
89
88
80
91
99
95
80
94
98
98
96
115
139
101
125
121
111
125
104
132
119
127
137
128
144
144
151
156
144
169
169
160
161
158
147
164
148
165
156
140
172
212
194
210
209
236
275
320
557
