1740
284
162
111
90
71
79
66
60
56
55
56
39
60
58
41
57
39
42
42
36
40
38
34
39
44
31
52
54
33
33
34
37
43
29
33
18
27
23
29
13
23
23
23
19
21
17
12
16
22
18
18
25
12
21
18
24
23
20
26
14
30
18
10
23
15
29
27
10
20
28
34
16
24
15
18
19
14
23
12
21
14
9
15
12
13
15
19
22
23
14
20
19
14
21
20
17
20
8
14
16
11
21
22
12
20
9
15
17
11
17
16
11
9
21
19
19
20
29
20
26
21
30
17
20
13
19
16
21
16
22
18
9
12
25
28
17
18
14
21
17
22
21
25
20
24
19
21
17
34
21
21
18
21
38
21
24
20
25
21
34
27
24
32
25
34
37
38
37
28
22
45
47
31
38
39
47
60
98
231
1072
190
101
58
61
39
32
53
34
29
35
26
37
33
37
36
28
41
29
35
35
26
24
30
17
24
34
22
29
21
17
28
23
12
23
26
15
18
21
23
19
13
19
21
12
19
13
14
20
18
10
20
15
18
20
21
19
31
25
36
25
27
24
26
20
17
16
17
19
16
18
19
12
25
15
12
17
14
15
14
26
10
15
20
23
14
29
11
16
20
10
15
13
14
14
14
16
22
14
13
17
16
15
17
12
18
25
19
19
15
12
17
21
15
18
16
20
18
20
22
18
24
24
13
30
21
28
11
22
17
12
15
19
15
27
30
23
25
24
23
24
26
27
37
33
26
45
36
29
37
24
27
32
39
37
47
30
37
42
49
46
40
51
41
47
33
41
50
59
53
60
45
66
58
58
77
81
95
125
319
