363
173
94
100
101
116
125
88
94
113
104
98
88
94
99
103
104
100
79
82
84
82
83
73
88
80
75
74
84
66
97
82
59
65
50
72
54
53
46
35
33
35
41
32
45
36
29
40
38
37
34
38
35
28
39
30
27
29
26
32
24
31
13
33
28
15
18
14
18
14
16
16
15
6
14
13
9
14
11
10
15
15
16
13
10
14
9
18
22
19
21
11
20
12
10
12
19
11
23
11
18
9
8
12
15
17
14
11
15
21
16
16
13
15
14
12
10
18
30
26
22
21
22
22
11
15
7
12
5
12
8
9
10
8
8
12
15
9
11
11
12
12
8
12
15
4
5
11
9
10
7
9
9
12
5
11
14
8
11
12
9
6
7
12
7
7
7
18
9
15
9
11
17
11
10
11
12
15
29
34
54
31
19
16
22
18
15
5
14
11
6
11
13
7
7
14
9
6
7
12
7
9
10
10
16
16
10
9
7
10
13
10
8
12
11
11
14
12
12
14
8
12
12
11
11
9
12
8
10
8
12
9
4
15
24
11
19
9
18
22
28
18
24
10
17
12
8
14
7
13
16
17
25
19
13
10
10
14
12
17
11
16
12
9
16
20
14
14
23
15
16
15
18
21
13
9
9
18
17
18
18
11
17
14
9
15
12
11
13
10
15
16
15
23
19
31
15
23
28
20
19
19
28
39
24
27
35
34
35
32
42
32
32
33
32
31
27
33
42
37
36
45
38
36
62
61
75
61
76
66
72
72
87
87
79
72
71
95
88
77
91
80
87
87
93
101
82
92
118
94
110
92
104
98
105
108
86
116
137
180
