3140
525
310
204
174
136
140
123
116
111
114
116
83
116
106
91
99
82
93
93
82
84
76
72
86
95
66
106
90
69
80
72
71
82
65
91
50
58
59
60
46
46
57
59
46
53
56
46
42
41
48
40
46
35
54
40
51
47
50
61
50
54
59
33
51
40
53
53
35
40
42
66
36
45
39
34
51
46
53
32
31
41
31
36
31
32
51
38
40
48
33
42
36
41
44
36
35
41
23
38
39
34
32
43
29
40
30
40
39
37
35
42
34
31
42
40
40
43
55
43
60
50
53
41
48
33
35
35
45
35
52
45
26
41
51
50
38
37
44
45
37
37
42
46
53
48
42
50
51
61
62
53
44
45
67
66
50
41
52
49
65
69
57
61
52
65
63
80
82
63
67
90
84
67
83
93
101
145
185
438
2035
379
220
141
125
92
79
98
70
64
78
57
76
76
72
67
59
83
64
65
67
66
56
58
52
72
68
54
55
46
47
51
49
38
71
54
53
45
47
43
47
44
44
43
29
38
36
39
38
45
31
41
37
44
40
50
36
55
50
59
63
46
52
48
49
44
44
40
40
39
39
42
35
51
34
38
40
34
38
38
45
28
26
43
45
35
57
34
33
35
40
34
34
34
35
32
34
34
29
31
38
36
40
46
33
41
46
42
41
35
38
36
40
33
35
44
49
40
47
42
48
55
47
40
40
49
55
37
51
48
43
46
46
48
49
54
50
54
53
55
54
46
62
68
77
61
86
67
52
76
63
77
88
69
85
87
71
75
77
86
102
92
88
91
92
81
87
97
120
105
108
99
131
122
128
138
185
185
265
588
