5982
2609
1823
1623
1505
1539
1502
1459
1459
1430
1409
1382
1363
1351
1313
1271
1321
1326
1417
1341
1399
1398
1358
1353
1443
1450
1461
1507
1583
1496
1525
1487
1382
1534
1400
1414
1540
1500
1561
1308
1356
1285
1171
1018
1060
941
969
928
1054
944
907
926
948
1026
1050
1068
1085
1052
1128
1310
1204
1156
1169
1206
1074
1082
1173
1117
991
1026
911
1020
945
899
904
1327
886
811
753
738
778
690
793
753
705
720
756
762
785
793
902
886
879
901
835
826
834
837
838
739
730
762
738
728
701
706
708
703
788
764
763
767
682
699
646
707
797
969
1210
1376
1091
1175
1138
1192
984
828
1014
799
779
681
671
643
644
638
626
576
649
604
622
614
655
665
670
700
739
690
714
659
644
701
706
753
739
712
647
725
755
682
633
647
639
636
598
680
578
629
651
603
614
636
670
684
767
791
803
976
1069
1199
1436
2069
6504
1915
1365
1083
1021
930
838
838
766
677
625
620
627
613
610
630
655
655
658
656
711
650
668
662
790
673
702
651
811
772
720
683
670
724
746
735
769
705
708
670
657
645
639
607
634
606
604
601
616
624
666
727
790
872
1048
922
1003
1201
1084
1141
1156
1412
1208
920
746
679
634
642
713
773
770
813
800
755
732
737
710
721
723
779
764
781
878
854
938
933
889
881
910
944
934
838
820
779
761
723
776
803
716
820
830
772
802
773
910
1280
944
916
914
1037
993
1038
1030
1080
1148
1083
1126
1246
1180
1194
1211
1391
1197
1060
1001
1037
1013
966
908
914
911
957
962
910
1012
1032
989
1013
1117
1247
1456
1269
1573
1478
1465
1395
1383
1489
1382
1376
1473
1505
1606
1546
1398
1402
1425
1488
1427
1372
1382
1308
1356
1363
1321
1305
1269
1301
1387
1375
1402
1511
1494
1424
1426
1593
1550
1720
1882
2548
