2368
560
328
182
187
171
133
140
141
138
121
142
126
149
145
119
114
128
130
121
133
109
116
89
101
104
95
99
115
127
99
109
120
116
116
112
138
110
98
116
93
105
83
82
82
90
103
89
76
79
83
83
72
78
82
88
89
80
90
79
85
68
95
79
79
77
77
90
80
97
79
89
66
75
81
84
86
64
66
70
64
86
59
70
66
77
71
55
69
65
66
62
66
71
73
56
90
71
69
70
69
74
60
59
64
77
65
67
80
77
74
78
73
83
67
72
67
80
87
82
84
94
88
62
73
75
72
78
71
64
58
59
66
70
50
70
57
54
84
82
73
77
65
65
81
80
81
68
63
66
70
80
50
63
81
74
67
84
75
62
82
80
85
63
64
77
84
69
89
92
92
76
73
104
118
114
122
173
226
470
1826
411
238
163
141
117
101
88
90
91
59
76
85
79
68
83
86
70
84
85
83
71
67
79
67
58
76
83
82
80
59
80
65
80
75
74
74
74
77
63
67
67
68
70
51
72
63
66
59
55
68
69
78
61
79
81
73
85
83
100
94
74
87
78
68
54
55
74
56
76
52
73
71
71
69
71
60
73
65
68
49
54
78
58
83
76
56
72
80
82
74
77
69
89
67
68
65
69
69
75
64
61
56
70
83
92
68
85
82
74
77
82
88
100
80
57
80
94
84
95
87
85
83
63
87
75
76
89
95
90
80
85
92
83
71
78
122
79
102
93
102
120
110
107
82
100
124
129
125
120
113
135
124
139
128
120
109
110
132
124
157
125
104
133
119
135
137
130
131
126
146
135
134
149
150
165
161
222
311
602
