916
120
49
38
31
29
21
26
25
26
16
18
15
23
20
12
18
18
15
15
11
10
16
16
12
12
11
3
10
12
6
6
6
11
6
10
8
10
8
8
7
8
5
8
3
6
10
2
6
5
6
6
5
7
9
6
5
5
7
8
12
8
9
4
6
3
7
3
5
9
3
1
7
3
6
7
3
2
5
6
8
8
2
5
2
4
4
5
1
8
4
7
5
5
1
4
9
1
2
10
3
1
4
6
3
6
4
3
7
7
7
4
8
3
4
5
1
3
8
8
7
6
7
9
5
3
4
4
0
2
6
4
5
3
6
4
3
5
5
6
4
4
7
6
6
5
8
8
4
8
4
7
3
6
10
3
9
11
9
4
9
5
14
9
8
8
5
9
10
15
10
10
10
11
16
23
29
30
28
72
583
80
33
34
15
21
10
15
14
16
10
4
10
12
10
5
9
5
8
11
9
7
6
7
7
3
4
5
10
4
5
8
8
6
4
5
12
6
6
5
5
6
9
7
6
4
8
5
4
2
5
2
8
7
3
4
2
8
4
4
2
1
3
5
3
4
3
10
5
5
5
3
2
3
2
2
1
5
4
3
7
1
1
0
1
3
7
3
3
9
3
3
2
3
5
4
4
7
4
4
6
5
7
3
4
8
6
4
8
3
8
6
3
6
3
7
7
1
5
5
9
10
3
5
6
1
10
3
2
4
4
1
4
3
5
6
7
2
8
6
6
12
9
11
6
16
8
15
9
6
14
13
11
9
5
6
13
10
19
12
17
15
18
18
19
10
20
15
17
24
17
19
14
33
17
25
36
30
58
86
