62
15
9
13
8
5
11
8
4
6
5
11
4
6
7
7
11
2
4
5
16
9
12
9
6
4
14
13
12
13
6
18
11
13
10
9
6
17
12
16
5
6
3
7
5
2
4
4
7
8
8
6
3
12
5
5
5
4
5
10
9
5
8
3
9
4
7
8
3
5
11
5
3
2
3
18
6
6
5
5
7
4
1
4
4
7
3
3
3
2
4
4
6
5
7
4
9
5
5
5
5
3
2
4
6
4
2
2
6
3
4
2
5
2
3
5
2
2
7
7
10
4
9
4
3
4
4
2
4
3
4
1
3
4
4
6
3
7
3
2
3
6
3
6
3
10
3
7
1
2
2
6
4
3
3
5
8
3
1
1
5
7
7
1
3
1
1
2
2
3
6
1
6
4
3
5
6
8
4
8
37
10
11
2
3
5
5
1
2
3
4
1
5
6
2
1
4
9
4
2
4
3
3
2
5
5
3
2
4
3
2
3
4
7
2
0
4
5
7
7
8
2
7
5
5
4
6
3
2
4
2
9
8
7
5
2
5
5
9
5
5
7
5
6
6
3
4
0
7
4
7
7
3
4
1
5
4
4
6
1
4
2
8
6
8
7
4
2
7
2
4
5
2
8
1
4
6
2
5
2
5
0
8
4
10
16
6
11
2
0
8
6
4
5
7
3
1
5
6
7
5
7
7
5
6
2
3
4
9
4
7
2
6
8
6
9
4
13
5
9
13
7
14
7
10
3
12
8
8
4
9
12
11
5
11
9
8
11
7
9
5
12
9
10
13
11
13
9
8
10
7
10
5
13
2
11
6
12
12
15
