290
137
105
58
52
48
45
42
55
47
41
45
54
45
37
41
40
37
37
43
33
36
23
42
32
39
56
41
37
57
42
37
47
54
35
39
55
94
49
46
109
65
31
30
32
23
35
22
23
33
27
18
40
24
25
29
44
31
39
29
35
40
31
31
40
41
41
34
34
33
39
33
31
36
33
36
39
39
37
31
43
28
32
45
43
33
40
47
35
44
49
50
38
47
57
47
37
43
38
44
30
38
38
41
30
34
32
30
42
49
36
38
39
42
33
39
37
55
61
74
49
63
57
46
48
53
40
46
35
37
32
32
44
34
33
30
29
28
31
28
16
29
37
30
34
35
38
30
38
34
34
29
29
30
24
20
33
15
37
29
19
22
27
28
32
32
20
36
25
31
33
19
26
29
22
33
40
55
52
87
156
80
48
39
38
29
24
27
21
25
20
31
27
25
29
26
36
36
18
34
20
25
26
26
25
35
36
29
33
28
22
34
32
31
32
29
34
37
29
37
34
33
37
32
34
22
19
32
41
41
48
36
57
45
41
46
49
57
59
55
55
72
60
58
43
54
45
57
33
35
46
36
29
33
30
35
43
26
42
39
26
41
44
39
40
38
49
38
36
42
40
35
31
34
43
31
31
36
43
20
39
40
33
33
41
59
33
41
31
28
38
30
29
35
38
48
43
43
30
33
42
36
37
29
30
32
36
30
35
29
31
32
37
32
34
32
45
36
32
77
108
45
48
90
61
37
44
55
30
43
55
43
39
37
44
39
44
37
39
46
33
30
33
39
37
39
34
39
43
36
47
46
48
48
41
47
57
71
78
108
