69
25
40
33
43
28
28
34
38
29
29
32
30
35
43
28
33
38
40
39
37
32
29
32
32
38
28
42
43
22
39
26
21
40
20
37
27
32
15
23
30
30
27
29
29
28
32
27
24
24
38
26
27
31
30
43
28
32
42
20
36
37
34
34
25
29
30
27
21
19
25
29
24
20
21
24
21
24
17
23
22
30
21
18
26
16
20
22
27
25
32
29
31
28
24
16
27
16
26
23
30
28
24
23
29
20
19
31
24
28
28
15
26
19
26
20
28
17
21
33
18
26
25
17
27
21
20
24
14
21
22
26
25
23
28
17
22
23
23
21
32
17
21
14
23
19
32
22
20
16
17
21
17
22
25
19
18
18
22
23
28
24
25
25
16
27
28
20
25
27
19
25
23
14
17
25
24
26
31
34
71
27
24
24
20
25
21
25
22
15
21
22
33
17
20
20
31
23
27
28
17
34
27
24
23
32
23
23
21
23
18
29
28
20
21
25
19
19
25
26
20
29
18
22
24
26
24
29
24
27
23
22
27
23
23
23
18
26
17
17
25
20
23
32
17
22
22
23
25
36
24
19
29
22
23
25
34
26
11
24
21
17
19
23
27
19
19
22
27
24
27
24
30
22
24
27
18
22
33
9
15
17
23
19
20
15
21
25
27
27
29
27
26
29
24
34
32
23
32
31
28
35
29
30
26
29
36
27
23
28
27
39
40
29
27
27
38
33
35
25
26
27
31
25
34
26
25
44
24
29
28
34
35
34
43
27
25
35
28
25
23
33
37
30
37
31
28
30
27
34
25
36
30
36
24
31
23
32
40
34
