1201
311
184
158
167
137
138
151
151
124
150
124
125
142
121
111
94
98
107
108
111
101
118
132
108
97
84
110
114
98
102
91
86
114
102
101
77
87
104
83
122
86
86
190
118
64
72
61
59
55
51
70
47
59
58
56
62
55
55
47
52
50
57
45
39
49
31
42
55
38
41
42
31
37
44
34
48
27
49
43
34
45
29
33
46
30
39
35
28
39
32
35
35
30
45
24
35
38
44
29
36
32
18
22
34
28
34
29
32
30
39
30
29
36
32
23
18
28
24
33
24
36
32
39
38
28
45
29
20
28
24
24
25
25
31
22
28
25
24
23
32
22
35
25
28
28
25
20
31
29
18
25
30
25
24
22
37
27
26
36
30
29
35
25
37
31
31
33
29
42
32
39
31
42
32
47
44
57
73
120
443
126
73
48
46
45
40
39
36
34
40
45
30
34
29
35
36
27
37
29
21
33
30
28
28
27
24
35
25
31
25
33
32
26
38
20
27
17
19
28
23
32
29
39
35
24
29
29
25
16
28
23
37
30
41
26
33
27
28
43
35
35
28
28
21
27
34
33
28
30
19
35
28
34
36
33
22
25
37
34
28
35
41
36
35
35
32
32
29
29
49
37
46
38
32
29
37
35
31
34
56
24
42
52
31
36
45
37
44
36
35
36
45
42
54
38
55
50
42
49
54
52
43
52
58
69
71
55
57
56
45
55
68
63
62
84
100
159
89
74
138
67
108
97
86
102
89
90
79
113
117
102
111
103
117
114
115
119
111
91
109
113
129
96
97
125
130
133
108
131
117
132
159
149
146
169
144
148
177
270
