1189
220
130
105
71
72
75
79
60
72
59
63
50
77
60
66
49
62
54
62
48
53
52
43
45
39
44
53
34
52
35
36
38
33
34
39
26
38
28
28
28
17
26
19
26
28
23
28
23
22
24
16
21
20
16
21
20
22
13
21
11
20
13
10
7
19
12
14
14
14
10
11
9
12
9
14
13
8
8
10
8
8
8
9
8
10
2
12
6
8
4
6
8
4
1
4
13
2
4
4
6
2
7
3
3
4
5
4
2
1
3
4
8
2
5
4
6
2
4
5
8
18
3
4
6
1
6
7
14
3
7
6
3
2
4
7
5
2
7
18
13
4
5
3
7
1
4
5
12
1
4
4
5
5
3
3
1
4
4
4
4
6
6
5
1
1
3
5
6
6
8
6
2
2
14
10
17
9
17
39
141
32
11
6
16
10
13
8
4
4
7
8
6
6
3
5
4
9
7
5
8
6
3
2
4
1
7
6
3
6
4
6
4
5
3
3
3
2
2
0
15
21
1
6
5
4
5
4
3
3
6
5
12
4
4
2
3
5
14
15
7
7
4
6
7
6
3
1
6
3
4
4
5
3
6
8
10
1
1
12
4
4
5
0
4
3
8
3
4
5
5
2
2
6
10
4
4
9
7
8
7
11
7
14
4
13
11
16
12
11
9
13
12
9
19
10
12
8
16
19
20
18
19
12
20
23
14
15
14
21
27
19
23
23
22
24
22
25
32
30
34
24
30
25
31
27
34
30
29
33
46
38
43
47
48
55
49
54
56
47
53
48
51
59
56
54
72
82
68
64
73
73
69
70
64
78
79
106
134
230
