2379
759
470
397
391
306
299
288
297
268
314
291
284
288
256
254
226
254
292
243
260
250
307
259
300
255
309
319
302
304
278
291
246
261
237
253
262
246
231
186
201
215
185
195
198
164
178
184
183
182
172
171
206
159
160
194
149
170
188
158
181
161
182
192
182
189
165
176
161
175
172
162
157
148
188
188
154
146
148
136
144
140
133
133
144
136
156
153
163
155
158
165
189
192
151
153
153
161
166
162
165
153
166
164
159
156
167
159
197
157
172
166
154
160
142
168
160
212
226
267
273
253
208
193
170
166
138
169
157
161
167
144
157
152
116
141
151
165
141
166
153
169
152
166
161
187
193
155
141
163
177
180
175
154
159
152
156
162
152
140
151
146
176
171
167
179
168
152
156
152
168
147
145
162
181
160
228
225
309
509
1207
495
309
245
211
163
188
169
157
170
154
142
167
167
167
149
164
178
180
158
167
165
150
135
132
168
162
151
158
172
152
182
150
159
161
159
175
173
181
177
175
162
149
159
130
148
147
122
136
142
150
160
150
149
181
175
195
171
215
250
269
232
218
194
157
167
142
171
148
149
170
179
176
179
145
169
163
139
154
142
171
145
174
168
187
181
192
147
148
155
144
149
168
166
151
140
135
153
158
138
154
150
136
143
163
193
164
175
191
171
168
170
167
169
220
155
166
197
169
190
185
192
166
190
171
191
165
173
173
163
180
170
190
180
186
196
181
166
214
244
238
201
239
205
221
264
276
256
260
278
287
301
308
272
311
288
268
316
282
288
271
250
254
283
267
277
268
282
276
299
261
282
319
311
321
334
325
418
480
760
