3250
1175
729
564
511
494
516
517
497
510
480
487
473
454
483
457
424
439
432
445
459
465
455
426
433
493
492
507
455
487
449
411
404
419
408
398
375
406
415
412
325
335
359
332
291
303
301
324
329
276
318
280
321
278
277
291
303
304
284
315
273
325
292
275
288
280
308
276
255
251
259
249
268
279
273
292
257
224
195
239
212
234
214
235
211
242
237
256
250
207
240
263
240
268
246
243
218
236
225
226
241
235
239
230
224
227
227
248
257
231
216
242
211
217
235
241
232
268
276
291
319
332
291
274
228
264
241
216
242
220
199
230
254
229
201
214
239
207
220
236
218
232
236
247
234
236
261
243
240
239
214
246
248
257
220
264
222
243
239
232
250
222
230
239
241
221
209
240
250
234
227
225
247
267
272
264
275
325
428
670
1890
722
447
311
305
267
298
266
260
212
211
236
209
228
222
230
243
226
235
226
225
222
200
245
259
242
230
238
237
247
251
242
246
285
254
246
255
234
231
247
225
231
245
223
218
209
236
221
209
213
253
227
230
234
237
240
243
261
280
333
318
277
286
260
247
245
223
212
207
209
216
248
242
209
221
235
220
225
251
230
237
238
226
249
218
285
269
253
252
251
223
271
240
230
230
218
246
225
221
241
226
253
227
245
251
293
286
248
244
278
252
270
285
300
272
277
289
292
306
291
314
312
269
262
292
315
284
253
269
282
326
281
310
284
306
287
356
324
309
323
356
362
385
367
398
401
395
392
420
431
431
462
473
444
454
457
417
430
468
446
476
453
475
468
471
454
477
467
449
503
486
537
518
503
530
485
530
617
738
1144
