229
123
104
119
108
117
121
110
113
119
123
124
119
126
136
105
103
108
101
113
100
109
95
90
109
96
90
94
103
106
106
109
109
66
99
109
101
90
82
90
90
92
85
73
96
95
74
96
74
77
107
69
99
83
85
66
70
89
70
67
93
95
69
97
83
70
70
88
72
69
70
84
82
63
63
79
55
78
62
61
66
86
77
52
85
59
62
67
67
62
70
64
56
64
66
59
57
58
81
65
50
69
55
59
55
65
64
61
61
62
63
63
60
59
74
67
66
50
62
52
64
66
70
43
68
55
58
65
57
63
53
72
55
60
60
68
50
58
64
55
68
51
58
45
50
78
55
56
54
54
50
44
61
58
58
58
59
53
62
48
52
68
53
50
56
58
54
53
59
51
63
56
60
46
46
63
46
41
60
80
154
81
62
67
54
44
51
63
59
54
55
55
53
70
45
64
53
55
63
54
61
52
57
49
51
53
57
61
64
58
55
60
61
52
49
68
56
68
68
62
51
56
45
64
58
55
50
60
79
48
62
62
59
54
62
61
54
60
81
61
69
69
58
68
66
55
61
46
61
56
55
75
63
45
62
58
61
61
67
81
53
71
60
73
50
65
56
69
73
69
81
58
61
53
59
65
73
72
57
72
61
84
57
51
82
59
72
56
74
63
63
74
67
73
69
71
91
72
83
75
58
69
83
86
83
72
101
100
88
96
90
87
101
103
85
87
96
97
86
96
100
98
91
106
91
100
88
112
83
103
106
109
121
89
111
82
103
94
118
107
108
93
100
89
106
108
109
106
134
108
122
110
115
102
114
108
90
113
118
129
