38
28
11
18
14
19
22
21
21
21
15
17
17
22
17
26
26
20
19
22
23
15
15
13
19
7
29
14
24
18
21
26
19
28
22
19
20
27
14
27
22
16
25
19
19
20
18
20
17
24
20
20
18
20
21
21
20
19
14
19
24
26
31
17
17
20
26
24
14
20
23
22
17
20
26
18
20
23
18
22
19
21
25
18
17
23
20
23
19
14
15
15
15
18
14
18
19
29
22
18
12
18
24
20
12
15
17
28
24
26
17
22
13
19
27
18
16
16
23
21
18
17
13
20
17
22
23
17
17
21
16
17
21
17
20
13
19
16
17
13
13
19
18
16
22
17
23
17
20
20
18
16
17
19
25
24
17
19
15
17
24
15
21
20
16
19
20
18
18
17
18
10
16
22
20
18
18
23
19
28
51
20
20
15
19
26
15
26
21
12
20
22
21
12
15
12
17
13
17
21
19
16
14
13
11
10
27
19
18
15
10
24
18
18
16
21
16
13
23
19
23
12
20
16
17
14
28
22
21
16
16
12
20
18
17
15
13
17
21
21
18
18
25
16
21
22
21
20
20
13
20
16
17
18
16
9
16
21
22
20
20
23
22
24
15
15
24
23
17
25
16
22
19
21
22
17
16
17
25
22
14
13
13
24
16
12
22
20
15
31
20
23
31
31
19
20
20
18
20
19
17
31
21
25
16
30
23
18
21
21
17
19
23
25
21
22
20
15
21
23
16
12
22
20
23
16
22
23
25
30
29
29
15
29
22
21
13
17
19
16
16
17
19
24
24
24
16
12
15
18
15
17
24
17
18
15
19
26
34
27
