865
99
48
21
27
19
22
8
14
11
4
14
11
12
8
8
2
3
6
7
10
5
4
11
12
3
7
12
7
3
4
5
3
3
5
0
5
0
5
4
1
3
4
3
4
2
2
5
1
3
4
5
3
1
3
4
6
4
2
2
4
2
3
2
1
2
3
3
1
3
4
2
1
3
0
0
4
2
0
1
2
3
0
0
4
1
1
3
3
0
3
4
1
3
3
1
1
2
0
0
3
2
2
5
2
5
6
4
3
2
2
3
1
0
4
5
2
2
1
3
3
3
5
3
2
1
0
2
1
4
1
3
6
3
3
2
5
3
6
4
6
9
6
6
5
6
14
3
0
6
6
9
5
6
7
9
7
6
10
6
13
14
16
15
9
7
11
8
9
6
18
18
17
10
20
16
22
38
50
125
962
122
71
38
33
31
19
22
11
12
17
12
8
13
5
11
13
13
8
11
7
7
11
5
9
7
6
7
2
8
5
6
2
5
10
5
5
4
7
5
7
1
5
5
7
6
5
2
3
3
2
3
4
7
3
5
1
3
1
4
2
1
2
0
1
3
3
1
2
2
2
2
1
4
1
5
2
0
1
3
0
1
3
4
2
0
4
1
3
3
1
3
2
1
2
1
2
4
1
1
3
2
2
4
1
3
1
0
4
3
1
1
1
2
1
2
1
0
2
0
1
2
3
0
6
3
4
0
1
2
3
5
2
3
0
0
2
1
5
1
2
5
4
1
3
3
2
2
3
3
1
3
7
5
10
7
7
8
8
4
5
9
17
8
14
10
10
12
10
11
12
16
17
22
19
17
20
21
49
113
