375
77
34
18
17
16
26
20
26
11
16
10
4
9
10
8
11
7
7
4
4
6
6
2
3
2
5
3
3
3
0
1
0
1
4
2
2
2
0
5
2
5
3
3
1
0
1
1
1
2
0
2
2
1
1
2
2
1
6
3
1
0
1
5
0
3
2
2
1
0
2
1
2
2
2
0
1
1
3
0
2
2
0
2
0
2
0
2
2
3
3
0
3
1
2
0
0
0
3
0
0
0
3
2
0
1
1
1
1
0
0
0
2
0
2
2
2
0
1
2
1
3
1
1
0
1
1
1
1
2
2
0
3
3
0
1
0
1
1
1
2
1
0
1
6
2
2
6
0
1
4
5
4
3
9
6
7
4
6
7
9
6
9
7
5
4
11
13
11
10
14
4
10
12
15
17
13
19
33
63
379
68
34
15
5
13
9
5
9
9
14
14
5
11
13
9
8
5
15
10
5
5
4
8
5
4
5
2
3
2
4
4
3
1
1
2
1
0
1
1
0
2
2
2
1
3
0
0
1
1
0
1
0
1
2
0
1
2
1
3
0
1
0
2
4
1
1
1
1
0
1
0
0
1
1
2
0
0
1
0
1
2
1
0
1
4
1
0
3
3
1
0
2
1
1
3
0
0
0
2
2
1
0
0
2
0
3
1
0
1
1
0
1
1
2
1
4
2
4
1
5
0
0
0
2
1
4
2
3
0
3
1
1
1
2
4
2
4
5
1
4
0
3
4
1
2
4
1
3
1
2
5
5
9
7
5
7
4
6
4
7
10
6
1
10
8
7
5
3
11
15
13
17
12
16
8
16
20
29
64
