105
27
13
3
15
11
12
20
14
16
16
7
5
7
7
6
7
2
4
11
2
4
4
3
0
2
2
0
2
7
2
3
7
5
3
7
3
4
0
3
4
1
0
3
1
4
2
2
6
3
1
3
0
1
1
2
4
1
0
1
0
2
4
0
1
3
3
1
1
0
0
1
1
2
2
0
0
3
3
1
1
2
0
0
1
1
1
0
1
2
0
1
1
1
0
0
0
0
0
2
0
1
2
0
0
0
3
0
1
0
1
3
1
1
1
1
2
2
0
0
2
2
3
2
1
1
1
2
0
2
1
2
1
1
3
1
4
1
4
1
2
2
2
1
2
0
1
4
5
0
5
4
7
2
5
6
7
4
3
5
3
7
6
3
1
6
2
7
9
4
8
4
7
7
8
9
8
9
14
31
101
25
15
4
10
4
8
7
4
4
4
2
7
10
3
3
4
7
4
8
7
7
6
5
3
9
3
5
2
0
2
0
1
1
0
1
0
5
4
1
4
5
2
4
3
4
0
3
2
1
0
1
3
2
2
1
1
1
7
2
1
2
2
2
1
3
1
1
3
0
0
0
1
1
1
1
2
5
0
1
1
1
2
2
1
0
0
0
0
1
0
0
3
2
1
0
2
3
1
1
1
4
0
0
0
0
0
2
0
2
1
0
2
1
2
0
2
2
1
0
3
2
2
1
0
0
1
1
3
3
4
2
5
2
2
1
2
2
7
6
6
0
9
5
0
3
3
3
2
2
2
3
1
4
3
3
2
0
2
5
5
7
2
5
6
3
13
6
13
13
13
9
8
18
8
16
6
7
16
28
