2679
565
210
120
115
89
81
72
97
122
93
92
113
116
72
71
63
75
73
70
60
68
33
35
43
43
45
44
50
36
29
18
22
32
36
29
32
27
28
25
17
17
22
19
20
19
15
13
21
20
18
18
11
6
12
13
15
20
20
8
8
10
18
14
15
18
15
21
16
22
24
10
15
10
10
6
5
3
2
6
3
10
13
5
14
7
9
5
6
12
10
12
11
10
11
12
11
13
8
5
2
6
6
8
7
8
9
5
7
3
7
7
5
6
11
8
5
5
4
11
8
10
7
10
7
7
3
10
14
10
7
6
9
5
4
8
6
13
11
13
10
12
10
11
12
12
16
14
11
12
13
14
8
11
9
14
12
22
15
24
24
19
20
17
20
14
19
22
28
19
21
24
16
24
20
25
34
45
94
233
641
171
89
59
35
32
19
18
21
20
21
19
24
20
23
18
17
22
22
15
17
17
17
17
19
12
14
16
16
17
23
11
14
9
11
8
13
21
13
12
14
7
13
8
12
6
8
8
11
4
7
4
6
7
11
6
11
9
4
12
5
12
7
7
6
9
7
9
9
4
1
1
4
9
13
8
6
10
4
9
7
7
13
6
9
9
8
8
21
15
15
9
4
10
10
6
12
5
9
2
9
8
10
8
6
11
12
14
14
20
17
16
15
17
19
16
8
12
9
10
8
10
11
14
10
17
8
8
10
11
13
14
16
13
24
12
14
15
23
22
27
26
29
24
31
29
23
29
42
54
45
47
28
39
46
57
50
49
31
90
66
80
75
67
74
90
80
105
106
97
89
122
93
87
80
91
109
145
208
627
