301
64
25
16
22
10
5
4
5
9
13
6
16
13
6
5
8
7
7
2
6
3
6
4
4
2
5
2
2
4
5
1
3
2
0
2
3
1
4
0
3
1
2
2
3
2
0
2
4
2
0
3
1
1
3
2
1
2
1
2
0
1
2
1
0
0
1
1
2
3
0
1
2
1
0
1
0
1
1
0
0
1
3
0
0
2
1
0
1
0
0
3
0
1
0
0
1
2
1
0
0
0
0
1
2
1
0
1
2
0
0
1
3
0
2
1
0
2
0
2
1
2
1
2
1
0
0
1
2
0
1
1
0
0
0
0
0
0
3
1
0
2
1
1
3
1
1
2
3
0
5
1
2
1
2
1
2
2
2
4
4
6
0
3
4
1
4
5
0
3
2
3
6
4
1
5
6
9
19
37
110
32
18
9
5
11
5
3
4
3
2
1
4
3
4
2
1
3
2
1
2
1
3
0
3
2
1
3
1
5
2
1
0
1
1
1
3
1
0
1
3
1
1
1
3
0
0
1
0
0
0
0
1
4
0
0
1
1
1
0
1
0
1
1
3
1
1
3
2
2
0
0
0
0
3
2
1
2
0
3
0
0
1
0
2
0
1
1
3
1
0
2
0
1
0
0
0
0
0
0
1
0
1
0
0
0
4
2
0
3
2
1
0
2
0
3
1
0
0
1
0
2
1
2
1
0
1
0
3
3
3
2
3
1
4
2
1
1
1
1
2
3
4
2
3
3
2
1
2
5
3
5
3
0
2
1
3
2
1
4
5
4
6
5
8
7
5
12
9
8
11
17
4
15
5
8
17
17
22
71
