390
76
25
13
15
12
12
12
18
17
14
23
13
17
30
34
25
44
41
35
23
18
23
16
20
23
18
19
27
19
22
21
15
29
26
23
30
23
28
29
19
21
8
19
21
9
13
10
11
7
11
16
16
13
5
7
11
15
10
17
11
12
12
8
12
12
16
14
12
9
12
13
5
19
12
14
7
9
13
9
9
9
7
7
10
9
8
6
11
8
4
9
20
7
12
11
12
11
16
5
8
8
6
7
8
10
7
9
10
11
7
11
9
9
16
16
19
14
19
22
10
21
17
20
33
13
11
13
10
10
13
11
16
16
14
9
21
13
23
12
19
28
40
22
19
18
19
16
14
23
21
27
25
6
12
14
18
14
21
16
21
14
20
16
15
14
9
17
12
11
14
9
6
8
14
7
7
13
21
46
209
37
18
12
11
11
17
15
18
8
14
8
18
13
11
11
19
18
28
35
29
27
18
18
22
18
14
24
25
16
14
11
8
19
15
14
9
12
12
17
14
6
16
16
16
9
8
17
9
11
10
11
12
8
14
13
14
17
16
25
18
12
5
14
6
7
15
6
6
7
9
6
7
7
8
11
10
9
10
10
7
9
7
8
10
8
8
9
9
7
8
4
12
13
9
6
4
5
8
12
5
6
4
8
7
15
22
14
10
10
9
18
13
7
11
11
18
11
13
19
15
9
12
8
15
7
12
15
11
12
10
7
14
10
9
9
9
11
12
10
14
26
15
25
14
22
20
23
11
16
21
20
24
19
14
18
7
23
21
11
39
22
25
27
33
19
18
30
16
11
12
6
18
17
9
9
19
17
36
60
