3966
1077
455
375
314
279
252
261
241
254
263
260
270
284
232
239
237
247
253
248
246
251
275
282
274
259
261
219
225
249
235
212
239
298
245
259
320
291
242
209
200
240
211
195
183
142
178
172
185
195
172
146
163
165
148
171
146
169
159
171
180
155
172
169
176
180
190
200
171
153
131
135
149
183
151
169
142
126
156
151
155
146
145
144
142
122
148
185
155
144
148
178
163
171
146
161
168
154
163
154
151
146
143
170
153
150
153
165
173
135
138
144
147
136
159
146
134
158
179
140
144
156
133
161
155
137
157
143
148
143
124
124
135
126
109
107
147
137
153
157
131
113
123
170
139
127
139
143
132
138
125
127
146
137
146
134
132
124
144
128
131
142
125
137
127
135
130
125
121
139
127
131
146
151
140
179
213
278
416
831
2710
822
442
276
211
164
157
158
138
150
126
138
117
135
124
125
116
134
131
154
115
133
120
111
122
110
129
145
142
135
141
139
116
150
125
110
154
128
150
118
134
119
141
106
96
127
127
153
119
132
133
135
154
156
155
161
137
145
157
146
149
165
184
162
158
140
130
162
145
144
150
149
166
142
172
153
148
162
162
154
169
159
135
159
146
136
148
151
143
166
145
159
148
144
120
147
137
125
158
139
126
138
130
135
149
172
137
164
182
177
157
171
158
161
157
174
163
168
169
142
164
180
160
167
142
176
164
163
155
157
183
168
152
172
170
166
183
165
198
237
195
187
235
248
340
257
236
309
217
226
222
250
246
234
249
272
262
250
243
245
263
283
251
279
236
243
240
259
260
245
240
259
289
264
301
284
354
359
527
1096
