1722
366
167
104
89
82
94
65
91
79
55
57
78
67
78
82
75
74
68
72
49
65
61
56
56
66
68
72
77
87
71
56
74
54
51
52
60
58
49
41
43
41
46
33
43
34
44
41
37
42
42
43
35
33
38
30
43
54
53
55
53
42
51
54
38
41
43
46
44
46
38
55
45
43
50
44
43
36
32
38
41
40
39
33
41
49
33
33
42
37
45
40
46
35
50
43
44
38
36
35
39
36
45
43
39
31
43
35
32
34
39
26
42
38
26
39
42
53
72
62
60
50
41
39
66
46
38
39
46
46
42
41
35
32
44
33
43
45
55
43
38
37
38
38
39
53
34
40
32
59
55
43
36
42
53
49
33
47
37
32
42
46
40
44
49
44
46
31
36
45
38
36
50
38
45
56
56
72
101
229
781
227
117
67
69
52
53
53
55
43
41
52
35
49
51
38
26
44
47
38
55
52
39
28
43
33
61
39
56
42
46
50
35
44
34
36
37
47
39
54
25
32
26
55
46
47
43
32
34
43
39
41
45
35
39
44
45
51
48
65
46
52
57
51
39
47
34
52
35
41
33
42
39
46
30
32
36
39
39
41
40
53
41
39
42
45
33
44
54
42
61
48
45
22
52
36
43
42
47
41
35
38
35
42
34
46
42
37
48
44
43
50
48
54
60
46
45
45
52
46
59
44
35
31
55
53
48
51
47
30
36
48
44
43
48
37
45
44
52
53
55
55
51
54
62
49
64
64
54
54
57
75
66
76
83
76
50
60
63
50
69
72
56
83
83
68
74
80
78
76
78
69
84
75
74
112
101
97
179
382
