3649
681
299
224
174
161
152
157
172
195
177
233
187
207
192
212
204
237
205
210
210
187
180
181
194
157
182
197
151
209
163
142
123
122
125
134
124
121
136
103
120
108
103
108
99
88
97
97
82
84
89
79
70
65
69
72
78
68
63
74
75
90
67
79
65
65
72
54
50
56
58
69
70
58
50
56
56
50
49
41
48
49
41
50
49
42
63
46
37
62
55
58
48
49
56
45
51
35
40
48
64
47
57
51
37
37
45
38
35
38
45
32
42
60
53
46
66
45
57
56
55
62
62
49
56
53
49
65
39
55
37
35
52
66
58
31
58
52
53
61
55
64
53
71
58
72
63
61
68
65
58
73
83
80
70
85
60
62
74
80
73
101
82
97
85
50
65
88
60
51
67
53
50
85
68
93
86
95
181
381
2074
369
166
98
64
73
62
53
59
50
53
48
52
67
80
65
54
63
79
77
65
77
63
76
61
72
75
57
78
75
64
50
62
68
47
78
56
55
48
71
62
66
52
35
50
58
56
49
53
46
41
53
45
49
62
66
50
72
60
45
56
56
49
52
55
43
43
53
52
61
43
47
37
46
47
43
48
39
39
43
41
38
49
49
49
50
54
49
74
57
50
65
44
34
55
51
55
48
47
54
54
48
56
52
57
71
61
68
67
57
60
69
58
65
68
74
61
68
76
78
79
74
89
66
67
81
79
71
81
94
67
81
85
93
106
100
88
87
104
109
118
118
132
122
127
128
129
127
143
146
156
188
198
168
180
199
151
190
175
193
208
210
210
230
219
208
200
224
211
194
165
181
185
156
145
167
183
214
288
641
