257
41
11
9
8
9
4
6
4
8
6
11
5
4
12
5
4
6
5
7
5
4
4
6
6
6
6
3
5
6
4
6
7
8
7
4
4
4
5
7
2
9
6
5
7
10
5
8
4
5
4
6
6
4
3
4
4
13
8
3
4
8
3
2
10
2
5
8
4
8
3
6
4
5
1
3
6
5
6
6
5
4
3
3
7
6
2
3
7
4
5
2
9
4
7
3
2
4
3
5
3
7
3
4
3
8
1
3
2
7
6
5
9
1
4
3
4
5
5
4
3
3
7
5
4
3
3
4
3
3
2
7
6
5
8
5
5
3
3
8
2
3
8
9
7
6
12
9
2
3
4
6
5
2
9
3
4
5
5
4
4
9
4
3
7
4
2
1
5
6
3
2
4
2
3
6
4
8
12
46
148
32
8
9
5
7
0
1
4
5
2
1
1
7
2
5
3
7
2
2
3
1
6
9
7
3
7
1
4
4
2
4
5
3
8
0
2
1
0
2
2
2
4
2
1
5
8
8
1
5
5
5
2
2
7
8
6
1
12
6
2
6
3
1
4
3
5
9
5
3
4
2
3
5
4
3
5
9
5
1
2
4
2
2
4
3
7
1
3
1
5
6
5
4
4
3
4
3
3
2
1
5
2
3
7
3
3
6
5
6
9
3
4
5
9
11
9
7
3
6
4
5
4
12
3
3
4
7
1
2
3
6
7
5
4
7
10
7
3
4
3
7
6
10
9
12
3
5
9
4
3
4
10
2
6
8
7
9
9
3
8
4
11
2
6
10
8
7
10
6
9
6
6
5
6
12
8
5
12
49
