462
75
38
33
33
26
22
27
31
30
36
39
25
27
22
23
22
18
21
26
18
18
25
18
29
16
11
25
21
26
20
15
16
32
20
16
11
23
16
11
23
20
17
17
16
17
14
14
17
7
16
26
20
16
16
26
18
16
36
23
13
21
20
18
15
30
10
19
21
23
18
17
21
15
10
14
21
11
15
15
17
13
11
22
18
21
27
23
26
21
17
20
13
16
14
18
15
29
15
14
23
19
18
12
8
16
16
14
15
17
15
26
13
13
16
16
21
14
26
26
14
17
19
15
17
21
5
21
16
18
13
27
20
15
22
15
17
19
28
14
18
21
15
26
10
20
23
15
13
16
20
12
20
22
12
16
12
19
25
19
21
21
19
11
18
20
27
19
28
21
20
21
19
20
16
26
26
30
28
47
314
51
18
21
21
20
16
22
19
17
18
26
19
20
17
16
20
16
30
24
27
29
20
15
17
19
16
17
23
29
25
16
15
17
17
19
17
19
18
17
17
24
20
27
20
18
18
21
13
15
14
21
16
24
23
23
21
19
12
25
30
36
23
16
17
26
14
12
11
23
10
25
13
15
19
18
18
19
12
15
20
15
16
16
21
25
30
19
18
18
22
8
23
18
16
21
9
15
21
19
25
14
16
16
16
19
9
19
19
19
22
18
26
22
19
15
18
9
12
11
24
17
23
17
29
17
13
19
19
16
14
16
21
10
12
14
11
24
15
18
15
13
22
23
17
18
18
14
23
15
22
15
21
25
23
22
20
22
23
27
18
14
21
17
27
23
29
31
25
40
31
19
31
31
29
23
38
39
28
52
