1533
374
200
158
162
173
179
177
155
206
196
196
191
223
189
200
199
191
177
209
184
148
158
208
174
143
165
152
190
157
223
157
151
159
155
173
151
161
166
136
195
144
162
160
123
152
140
138
111
123
123
127
124
113
98
131
110
130
133
131
137
101
87
98
96
125
71
94
105
80
97
92
84
72
83
83
84
72
91
68
72
74
85
68
79
74
74
84
74
77
64
58
58
76
69
62
62
59
71
61
72
63
51
65
52
74
42
74
67
52
66
40
54
46
66
57
55
49
75
59
56
54
59
45
36
73
60
53
69
58
54
43
64
50
45
49
40
51
61
49
37
55
55
46
62
46
58
49
53
53
43
73
64
47
64
41
46
49
45
65
45
66
64
64
50
54
56
62
54
55
57
58
61
41
58
42
59
65
77
159
520
169
89
57
58
72
50
59
57
58
59
56
49
49
48
59
56
61
53
79
55
52
56
66
33
47
43
47
66
73
57
54
53
55
60
58
48
60
56
41
60
67
52
44
50
50
64
62
61
63
56
51
53
47
50
43
67
66
57
43
63
70
56
52
56
68
62
58
53
39
52
63
48
64
42
55
40
45
60
45
60
48
65
68
67
66
65
58
50
74
65
60
61
71
69
67
84
61
61
77
57
82
66
72
67
93
72
82
81
88
98
83
105
91
86
99
87
92
95
115
91
128
115
102
97
113
118
124
127
105
121
124
119
146
126
134
138
157
157
143
141
147
148
149
163
138
169
160
155
150
170
193
177
187
165
155
169
169
145
179
192
189
192
217
175
190
199
180
209
169
185
188
183
171
179
194
188
186
227
354
