195
22
17
15
12
10
12
14
16
14
15
23
13
13
22
12
8
13
14
12
19
12
14
13
10
12
6
4
12
11
6
9
5
11
13
13
9
8
7
6
11
10
9
9
5
3
6
11
5
4
11
5
7
10
6
10
6
6
6
8
14
8
7
5
12
9
6
2
14
7
9
9
5
14
7
6
6
8
4
8
3
3
2
9
12
9
9
12
9
9
10
9
3
9
12
4
14
6
7
10
7
8
11
8
7
7
6
5
7
8
6
8
12
7
7
6
5
4
9
10
6
8
8
14
11
8
8
5
5
6
5
10
8
11
7
6
7
6
9
10
8
5
9
3
15
8
6
13
6
8
12
9
11
2
8
6
12
9
12
11
16
6
13
3
9
10
17
18
19
13
12
13
13
10
12
18
17
14
12
27
175
28
20
17
11
18
17
12
11
12
4
14
11
13
14
21
8
21
13
8
15
20
13
10
8
12
14
13
8
7
12
9
7
6
15
4
4
5
7
10
10
15
2
7
5
10
9
9
3
9
6
12
7
8
5
9
9
4
11
14
8
10
8
7
2
6
7
4
14
6
8
3
7
12
1
6
7
12
7
10
8
5
4
8
11
5
9
6
5
10
8
9
5
6
6
9
4
4
6
5
6
15
8
11
11
8
13
10
5
10
7
9
8
8
10
10
13
5
8
7
6
10
11
7
8
11
5
8
12
5
12
6
6
6
9
7
13
7
14
15
13
15
7
8
15
14
15
9
7
6
12
10
12
12
18
22
12
12
12
11
10
15
12
14
19
13
13
13
11
22
20
19
22
16
9
13
14
27
26
32
