327
28
17
7
9
11
16
13
10
16
12
24
11
15
12
9
8
9
8
7
6
10
10
7
6
4
10
9
9
11
8
8
3
6
5
7
8
3
8
4
8
9
2
3
8
6
9
3
5
8
8
5
6
3
6
3
9
4
7
4
2
5
11
7
5
1
6
4
3
1
1
2
1
1
3
5
4
5
1
1
6
3
2
2
1
3
2
1
2
2
2
4
3
1
2
2
7
4
2
4
6
3
0
10
3
4
5
1
2
3
2
0
3
0
6
5
8
3
5
5
4
5
4
5
5
7
6
8
2
6
12
4
2
7
5
4
4
5
3
5
3
3
4
5
3
1
4
6
3
4
1
5
2
2
3
7
2
7
3
8
5
11
5
1
4
8
9
5
7
7
6
6
4
3
4
7
6
8
4
6
205
16
7
4
7
6
6
3
2
5
12
6
11
7
2
10
13
6
8
8
12
5
4
7
7
6
3
2
5
8
5
2
2
5
8
4
6
1
5
2
3
7
5
2
4
1
4
6
3
7
5
0
5
4
8
2
2
2
8
9
11
1
8
3
5
3
7
2
6
3
1
6
9
4
1
4
2
3
3
6
4
3
3
6
6
4
4
6
5
7
5
8
6
2
2
1
5
4
5
9
1
6
6
7
6
5
3
3
2
2
4
4
3
5
6
6
6
3
2
4
5
0
6
7
6
3
4
1
7
3
3
8
5
3
5
4
7
11
5
6
5
1
3
10
5
4
7
5
6
4
7
6
5
12
6
6
1
6
13
21
11
10
5
8
13
7
11
14
2
6
7
7
13
6
13
14
6
7
9
18
