425
121
114
97
101
79
89
80
77
65
66
89
77
85
71
81
77
68
81
78
69
56
72
61
65
67
57
75
70
63
58
69
56
77
73
61
53
52
66
60
63
66
51
49
55
57
50
48
58
51
53
57
62
63
56
54
48
48
50
46
43
61
48
32
45
43
41
50
51
35
51
47
51
45
52
54
41
38
33
47
28
36
37
31
39
33
37
34
39
29
40
47
37
31
32
46
58
31
42
30
31
35
33
22
33
36
49
46
41
39
43
50
35
28
32
29
23
32
32
23
48
41
23
26
37
46
51
32
22
38
41
30
29
37
36
37
28
33
30
33
32
30
28
30
27
29
31
31
29
40
29
28
35
31
57
30
42
44
33
42
40
44
43
37
36
42
39
45
32
39
43
42
48
33
42
44
56
61
61
91
223
79
52
39
35
33
42
41
33
39
36
37
31
29
38
25
37
43
38
43
34
40
38
29
33
33
52
29
27
33
43
38
35
40
34
44
43
31
43
34
40
48
35
41
53
45
52
55
40
35
38
33
36
47
24
27
40
36
56
49
44
37
29
38
44
34
33
31
35
37
36
43
35
33
34
32
34
38
28
33
46
35
44
38
33
50
61
48
36
34
35
36
54
44
44
33
35
41
48
47
31
44
42
38
39
42
45
43
45
53
53
47
40
45
41
56
35
45
49
40
50
48
45
46
51
64
58
52
50
38
54
43
57
55
62
55
49
58
55
63
50
65
65
65
50
62
58
70
70
73
64
76
56
85
79
79
65
80
67
65
69
67
106
100
85
76
88
77
79
77
86
89
113
97
89
104
77
95
118
126
