83
49
32
41
41
46
50
44
43
43
47
45
47
52
49
32
43
54
34
45
47
48
41
46
44
41
28
43
50
52
52
47
46
45
38
49
37
38
51
43
47
46
53
44
30
42
31
33
37
40
43
38
40
47
34
37
49
41
37
41
22
39
37
40
42
42
39
34
44
34
31
42
41
37
28
43
26
34
42
33
34
38
45
39
35
30
41
33
43
24
28
28
42
37
29
33
35
28
32
40
26
25
28
26
41
32
28
26
27
26
40
36
30
20
25
29
26
21
19
29
20
20
34
32
31
27
21
19
25
29
31
29
25
26
26
22
37
27
27
26
19
29
28
25
28
26
21
24
18
24
24
22
22
26
37
29
28
25
19
20
22
17
28
23
25
30
30
28
22
22
39
21
23
22
19
23
26
36
25
29
44
36
36
16
19
25
26
26
25
17
28
27
34
26
27
25
20
22
27
23
23
27
35
34
22
24
29
26
22
20
24
30
26
24
31
29
30
26
36
25
28
29
32
25
30
33
29
32
30
40
26
27
31
37
26
28
26
24
29
25
23
35
43
25
32
26
44
35
25
42
37
33
35
24
34
30
28
36
36
48
28
27
42
45
34
33
27
31
30
27
28
32
31
27
41
37
31
30
26
22
37
40
35
29
31
42
35
42
33
32
45
37
39
28
46
40
39
32
39
38
50
40
34
31
29
32
35
37
50
48
31
36
39
44
39
40
39
35
38
29
36
33
38
44
49
40
40
36
35
40
50
39
57
46
43
57
43
45
42
34
51
48
54
45
40
40
39
45
50
37
49
43
45
48
41
49
47
34
40
42
