181
55
56
49
41
38
49
37
30
53
52
45
37
43
19
23
25
35
33
44
18
36
30
27
38
23
34
24
11
27
17
24
16
20
21
12
27
17
25
21
16
14
17
19
19
17
19
17
18
16
17
16
25
15
15
21
15
13
18
11
15
11
13
14
7
13
7
9
9
9
13
11
10
7
13
11
12
12
10
8
14
15
8
12
9
10
11
5
9
4
10
2
2
8
9
7
10
11
2
12
7
12
7
7
4
5
3
6
8
5
9
6
3
6
5
4
5
8
4
9
4
4
8
3
9
7
9
6
1
5
4
5
4
5
5
2
8
8
3
5
2
5
5
3
0
4
3
5
8
7
5
9
1
3
6
6
4
5
9
1
1
7
7
7
7
9
2
7
5
2
2
6
5
3
9
3
3
8
12
17
34
14
6
11
5
4
8
2
4
2
10
8
5
9
7
8
5
11
9
14
4
8
5
3
7
7
5
10
4
5
6
6
1
8
4
12
6
4
2
8
1
4
5
5
2
10
11
9
6
4
6
3
4
3
9
5
5
8
6
6
3
6
4
8
9
5
4
7
11
8
5
6
2
6
9
6
8
6
14
6
10
6
9
6
13
9
10
10
6
10
5
14
10
7
6
8
7
8
15
7
11
1
7
8
8
12
7
6
12
11
15
11
11
8
10
17
17
13
14
10
11
9
15
15
17
17
10
17
12
19
16
18
18
15
23
21
9
16
14
28
7
17
19
27
15
22
14
26
24
26
22
15
19
27
23
22
23
23
25
17
25
28
34
24
26
36
28
38
28
41
33
29
37
45
36
35
46
42
49
80
