663
77
61
52
43
45
59
45
34
45
37
47
41
33
33
21
23
27
26
28
29
27
34
23
25
17
20
23
29
25
24
22
22
27
21
24
24
20
24
27
24
26
18
22
17
9
17
19
22
12
20
21
16
20
25
18
20
22
20
26
20
17
22
17
23
12
18
15
20
12
9
25
16
21
14
13
10
17
12
17
12
16
12
9
15
7
14
8
17
14
21
16
12
11
6
9
11
5
12
7
13
4
7
7
5
8
11
7
7
11
9
12
8
8
15
4
6
15
11
6
9
10
7
9
7
7
5
11
9
7
10
2
4
5
7
6
12
6
11
3
7
6
7
9
12
6
10
2
8
6
13
7
6
10
9
7
15
10
11
7
10
9
8
6
7
3
4
9
10
14
12
5
8
11
10
9
14
17
19
27
142
28
19
22
16
12
9
12
8
13
13
16
11
6
9
11
3
4
10
8
6
3
5
7
4
8
11
10
5
10
6
7
8
10
13
5
6
7
7
4
6
6
4
2
8
9
14
8
3
5
7
8
5
4
8
11
4
7
8
9
12
7
6
5
9
8
14
11
14
11
14
22
16
9
8
6
6
12
12
9
9
9
16
14
11
6
17
6
14
6
11
13
14
11
7
13
16
15
11
8
19
6
21
17
9
17
9
16
17
21
17
14
13
16
9
20
16
21
18
25
21
21
24
20
17
25
17
9
17
22
22
26
25
14
19
20
27
17
18
19
18
30
17
24
27
27
29
22
26
33
25
33
29
25
38
22
28
23
23
25
27
24
36
40
38
25
36
29
28
31
39
43
42
43
52
52
32
38
51
96
