197
77
50
47
45
35
46
47
45
46
36
39
43
34
38
33
38
24
32
22
31
29
27
19
27
23
20
27
28
18
24
25
15
16
18
21
22
11
19
17
17
24
17
14
12
12
19
16
11
19
17
11
7
17
7
9
8
8
19
13
11
9
8
12
11
4
8
10
5
10
12
14
8
4
7
8
10
9
6
7
10
10
7
7
2
7
5
2
3
7
5
7
6
7
9
5
9
5
7
4
2
3
3
2
3
6
6
8
4
4
4
3
1
6
2
7
4
5
5
4
4
5
5
3
2
2
5
5
2
2
2
1
1
5
3
5
2
2
6
3
4
5
1
2
2
3
7
1
3
4
7
5
2
2
4
1
3
3
2
5
3
4
2
3
5
5
3
2
4
5
1
2
7
5
5
7
4
2
10
10
39
15
3
10
7
5
4
4
3
3
3
7
4
4
3
2
2
2
7
3
6
3
4
3
5
3
2
2
4
4
4
7
2
6
3
3
4
3
3
4
8
7
5
7
5
2
6
1
4
3
4
2
3
7
2
6
6
6
7
9
7
3
5
5
2
2
5
6
5
4
5
3
3
3
3
6
5
5
1
6
2
8
8
6
3
4
8
7
1
4
7
6
10
4
5
4
4
7
5
9
8
13
13
5
9
6
3
4
3
8
5
5
7
16
7
8
5
8
4
7
5
4
15
11
7
5
4
14
15
7
16
9
10
10
9
18
18
12
18
14
10
17
21
16
20
9
29
19
14
19
22
33
27
24
19
21
25
20
36
31
35
28
33
34
40
35
35
37
40
44
46
36
46
46
40
43
37
36
35
72
