6265
1024
436
294
228
199
185
181
151
129
142
142
125
143
108
99
111
100
100
92
93
104
85
100
93
101
83
67
86
65
78
70
81
97
79
80
78
62
68
58
54
61
54
48
53
62
43
45
46
45
56
36
56
51
61
54
51
43
53
41
45
46
50
51
51
45
44
45
45
46
46
37
41
44
36
34
42
38
42
38
27
34
40
38
36
41
31
42
37
35
43
41
40
43
56
40
39
35
35
31
36
31
34
46
38
39
52
46
48
46
54
45
45
37
39
47
39
42
53
48
46
44
48
55
55
56
50
45
44
41
47
48
52
56
55
43
49
61
54
43
63
50
74
51
71
61
83
78
69
82
71
70
81
74
90
87
82
69
87
88
82
90
89
103
97
93
120
138
97
104
117
125
131
127
130
142
201
253
392
831
4657
792
398
235
184
168
149
125
132
103
105
104
86
128
98
125
80
92
123
95
93
94
73
82
79
70
101
91
65
68
71
72
75
69
74
74
65
58
52
67
48
81
50
53
46
61
49
54
61
36
46
46
41
50
51
58
59
42
50
74
68
57
37
56
33
49
58
37
42
46
44
35
50
43
45
42
40
34
30
35
48
40
35
38
44
43
31
44
34
39
39
39
38
39
44
41
43
35
34
34
30
34
53
47
53
53
28
46
45
45
49
55
47
45
53
52
68
55
65
57
48
50
43
42
44
41
54
43
51
62
48
62
43
50
53
60
73
53
63
63
63
61
57
70
59
74
70
73
94
91
78
80
79
99
98
98
80
86
81
107
90
115
112
100
110
113
115
126
130
152
130
146
119
158
181
202
243
293
407
1004
