111
16
6
5
4
3
8
5
6
2
3
3
2
7
3
2
2
3
2
1
0
0
1
1
1
1
2
2
0
0
1
2
1
0
0
1
0
1
0
1
2
0
0
0
3
0
1
1
0
0
2
0
1
0
0
1
0
0
0
0
0
0
0
0
0
0
2
1
0
0
0
1
0
0
1
0
0
3
0
1
1
1
0
2
0
1
0
0
0
1
1
0
1
0
0
1
0
0
0
0
1
1
0
0
0
1
0
2
0
0
1
2
0
1
0
0
0
1
1
1
0
0
2
1
0
1
1
0
0
0
1
0
1
1
1
2
1
1
0
0
0
0
0
2
1
2
0
2
1
1
0
0
0
1
0
3
1
3
1
0
1
2
1
2
0
3
1
0
3
1
2
1
1
1
2
2
3
6
6
11
55
10
7
3
6
1
1
3
2
3
1
2
1
1
1
1
2
1
0
1
1
2
1
0
0
0
0
1
1
1
0
0
0
1
0
0
1
0
0
1
0
0
0
0
0
0
2
1
0
0
0
1
0
0
0
0
2
2
0
2
0
0
0
0
0
0
1
0
2
0
0
1
0
0
0
2
2
2
0
0
0
1
0
1
0
0
2
1
1
0
2
0
0
0
0
0
0
0
0
1
0
1
1
1
0
0
0
1
1
1
0
2
2
1
1
0
0
2
1
1
1
2
0
2
2
1
1
0
1
0
1
2
2
3
0
1
1
0
1
2
0
0
1
1
0
0
0
1
0
1
2
0
1
0
0
0
4
1
0
2
1
0
2
4
0
0
2
3
2
1
1
2
3
5
5
5
6
13
9
24
