189
46
18
16
15
4
6
8
19
11
8
4
6
5
5
7
4
4
4
9
4
6
3
5
5
1
4
4
2
2
8
6
3
3
4
2
4
4
3
2
3
3
7
1
1
3
4
4
1
5
9
0
4
3
4
3
2
4
1
7
2
2
4
3
3
3
1
6
1
3
1
4
3
2
2
2
5
4
3
1
2
7
4
5
5
4
2
3
4
3
5
1
4
3
3
5
3
3
4
3
5
1
9
2
3
1
4
5
3
1
3
6
3
5
1
2
3
4
0
4
4
4
8
1
2
2
3
5
6
4
4
4
8
2
3
1
2
4
3
5
1
7
7
8
7
5
5
3
3
8
12
8
4
9
6
5
6
4
3
12
8
7
6
5
7
4
4
4
7
8
7
6
8
4
8
16
5
14
23
47
185
33
16
19
11
8
7
7
3
9
6
8
12
8
9
9
2
6
4
11
6
5
5
7
5
4
4
4
9
15
2
6
5
4
0
7
6
0
4
2
6
7
5
4
4
8
1
5
4
3
2
5
2
5
5
6
4
1
6
5
6
4
4
6
5
1
7
1
2
3
6
3
2
4
5
2
7
5
6
1
3
2
0
4
2
2
6
3
3
5
3
3
8
5
4
4
1
2
2
3
3
3
2
2
2
9
0
6
4
4
3
5
4
2
2
4
4
5
3
3
2
2
2
1
3
1
0
4
4
7
2
6
2
3
5
6
7
3
5
1
3
3
4
6
10
2
6
6
5
2
6
7
8
7
6
8
7
2
6
9
3
5
5
5
1
5
7
8
3
7
8
6
10
6
15
15
12
12
16
32
