99
26
16
14
15
20
11
18
19
18
23
17
9
11
16
12
8
10
9
9
10
14
14
9
7
9
6
14
9
13
13
10
6
10
10
13
6
9
7
11
5
10
10
9
8
5
9
5
7
6
9
13
10
8
8
10
9
9
4
9
3
11
3
8
8
5
6
6
5
11
8
5
9
10
14
8
7
6
6
9
7
8
6
4
5
10
2
3
7
2
6
5
12
5
7
7
5
10
7
5
5
4
7
7
4
9
7
3
6
6
9
4
7
7
5
8
6
7
4
6
3
5
8
2
8
3
5
10
2
6
3
5
6
4
6
4
4
7
7
5
5
6
8
10
7
2
6
6
4
4
5
4
6
13
3
6
5
6
8
4
9
5
10
5
6
12
15
4
5
5
6
4
7
3
9
10
5
4
11
16
59
26
8
8
5
9
7
4
6
3
8
8
6
6
3
9
6
6
7
10
4
3
5
5
10
7
5
9
5
10
5
7
6
8
1
10
7
4
6
4
8
4
3
3
5
6
4
6
6
4
8
8
5
2
8
7
8
4
4
4
4
4
6
7
8
6
8
4
3
1
4
8
6
3
10
7
6
3
12
6
5
4
5
6
3
8
7
4
5
1
5
9
8
4
5
4
7
6
5
5
8
6
8
4
7
13
8
9
11
6
8
5
9
7
9
5
13
10
11
3
3
7
6
8
8
10
13
9
9
16
7
10
15
7
6
6
7
16
7
8
7
11
7
4
15
11
17
13
10
8
9
9
11
5
9
8
10
10
8
12
19
13
9
12
15
19
9
15
12
15
12
8
14
14
15
9
12
17
16
28
