135
18
17
4
10
9
6
15
14
28
19
12
15
15
8
11
11
18
15
11
6
10
6
6
6
3
5
8
5
4
6
3
5
3
2
5
1
3
3
5
0
4
1
4
6
4
2
1
2
5
1
2
4
4
4
1
4
4
4
2
0
0
4
2
5
2
2
2
5
0
3
1
1
1
4
4
3
0
2
2
1
1
3
2
1
2
3
3
1
2
2
2
2
1
5
3
3
0
2
1
1
0
1
0
1
0
2
4
0
1
0
1
3
4
2
3
2
2
3
1
3
4
0
0
2
3
2
3
1
5
4
1
3
5
3
4
2
2
1
4
0
3
5
4
1
4
2
2
6
0
2
6
2
7
4
3
3
4
3
3
3
5
4
7
7
3
6
5
7
9
5
9
7
6
10
8
9
12
16
47
158
26
23
10
7
6
9
7
7
7
8
5
5
8
3
5
6
5
10
4
9
1
5
5
4
3
1
4
6
4
0
2
1
3
0
2
2
2
0
2
2
5
0
5
5
3
4
3
5
5
1
3
1
2
2
2
4
2
3
0
3
3
2
3
4
0
2
3
5
4
0
0
2
4
1
4
2
8
4
0
0
2
0
1
1
2
1
2
3
3
1
2
1
5
1
1
3
2
1
3
2
4
2
2
2
4
1
3
0
0
3
3
2
1
1
5
2
3
3
1
1
2
1
0
4
2
1
1
1
2
1
0
4
4
5
2
2
3
0
8
4
1
8
3
2
6
4
7
11
2
7
6
9
5
7
3
1
10
2
8
6
5
5
11
8
12
10
7
5
12
13
20
19
18
15
12
4
8
14
39
