1110
216
108
64
32
32
30
38
35
29
40
33
40
22
36
23
27
27
23
27
32
28
19
18
9
18
17
17
10
21
12
16
14
10
14
12
14
15
18
10
16
8
8
6
11
6
6
6
3
10
4
7
8
8
9
8
5
6
8
3
8
7
10
5
2
3
9
6
4
8
6
10
4
4
7
8
9
11
3
7
7
4
10
5
1
3
5
3
4
1
4
3
5
6
5
6
9
8
7
3
7
6
4
5
8
1
4
4
7
2
7
2
4
6
5
5
6
3
5
4
2
7
6
7
3
2
1
4
4
8
2
2
3
4
2
3
4
4
6
4
5
3
4
2
4
4
2
3
1
6
8
8
0
5
14
3
5
6
5
7
6
3
4
4
4
9
11
13
11
5
10
13
9
10
13
13
19
39
41
91
715
110
43
27
25
13
16
15
18
15
9
8
13
6
9
7
10
6
12
5
3
10
5
9
6
8
11
4
7
5
3
9
4
2
6
7
6
6
1
7
5
4
3
7
4
5
5
5
3
5
7
2
3
5
5
9
4
5
3
7
7
4
7
2
3
2
4
4
4
7
5
5
4
4
3
1
6
0
3
4
3
4
3
3
3
2
1
3
2
4
5
3
5
4
3
1
2
2
2
5
12
5
7
4
5
10
10
11
7
5
7
4
11
17
10
10
6
2
6
10
11
6
3
6
3
9
12
9
5
8
9
10
4
5
7
6
12
5
5
12
7
8
14
13
12
8
13
17
16
11
15
16
19
19
18
13
20
21
20
12
28
25
28
29
25
29
28
28
32
27
34
28
35
35
36
46
47
59
92
207
