467
95
32
19
21
10
11
9
12
6
11
7
9
14
6
6
6
4
7
4
5
4
7
12
9
6
2
6
2
0
2
4
3
2
5
6
3
3
4
7
7
4
2
6
6
2
4
5
2
3
5
1
3
0
3
2
3
6
7
4
4
4
6
3
1
3
6
1
3
4
4
1
3
4
3
2
1
1
2
5
2
1
1
2
0
0
2
2
2
3
2
2
7
1
1
3
1
0
2
2
5
3
4
2
1
2
3
0
3
1
2
0
1
2
3
1
1
3
2
4
2
4
1
1
0
3
2
1
0
3
2
0
4
2
3
1
7
5
4
5
3
4
3
2
2
3
5
3
3
1
5
2
5
2
6
5
4
6
2
3
8
9
3
8
6
6
9
15
8
4
7
6
6
3
8
6
4
13
25
85
341
60
39
14
7
8
8
9
9
5
6
5
4
2
4
5
5
4
6
6
3
4
5
1
8
3
1
4
3
7
1
6
3
4
2
3
5
5
6
5
7
5
6
4
3
1
4
1
4
2
4
3
1
0
3
6
6
4
3
2
2
1
1
0
4
0
4
1
2
1
3
0
2
2
0
2
5
3
1
2
2
5
0
1
2
4
4
2
1
0
6
3
0
2
4
2
3
4
2
0
2
1
4
0
1
6
3
3
3
1
3
2
1
0
4
2
3
1
3
3
4
3
2
2
2
2
3
3
4
3
3
1
2
4
6
5
4
7
10
3
3
6
2
9
4
5
3
5
5
5
7
3
1
5
6
3
2
4
2
4
5
11
8
5
4
5
11
10
11
4
8
5
3
10
10
8
15
13
23
73
