763
203
105
99
70
74
59
52
53
37
45
49
50
53
52
57
37
46
48
43
42
50
45
46
36
44
54
60
42
54
35
55
41
63
95
108
48
57
48
55
54
49
220
67
51
36
51
38
41
32
40
33
37
40
42
47
35
46
54
52
45
45
49
40
43
45
41
36
52
43
33
50
50
44
41
52
58
40
59
58
47
54
38
40
43
51
56
48
45
60
55
53
61
44
45
52
46
52
38
48
41
43
53
42
52
53
56
43
53
56
44
31
36
49
54
42
54
51
66
53
58
62
49
54
51
57
39
43
56
43
58
45
46
44
45
41
51
44
53
57
50
50
55
51
44
48
38
47
46
40
54
45
56
57
43
51
52
49
44
48
56
56
47
50
49
65
59
56
49
53
49
65
80
54
78
77
78
62
98
178
815
203
104
87
58
77
65
60
62
65
52
52
66
45
62
57
40
54
46
45
43
52
49
44
47
47
34
57
40
47
49
40
55
42
50
38
45
54
53
43
40
45
57
47
51
55
40
41
34
42
41
46
60
56
48
44
59
53
66
72
47
36
54
54
29
55
41
33
53
61
34
49
53
49
43
49
46
48
43
42
45
53
53
42
66
40
47
51
46
55
48
40
47
49
46
40
47
54
47
45
54
43
42
50
50
45
45
49
42
54
44
49
53
56
38
46
46
39
47
32
41
46
49
44
31
41
43
43
37
33
44
35
33
50
32
31
32
43
188
52
48
36
44
42
58
118
86
65
47
55
50
39
46
40
53
54
49
57
34
51
44
29
62
43
55
39
41
53
55
37
59
36
62
72
67
76
76
84
115
242
