36
25
22
11
11
15
18
15
20
14
18
18
17
14
20
15
15
21
19
19
21
9
19
18
19
16
14
17
26
21
17
17
23
14
19
16
22
20
13
10
14
14
18
23
8
15
13
15
18
17
22
13
25
19
24
20
22
24
17
17
24
21
12
17
22
12
17
20
13
18
16
24
19
20
20
23
24
23
20
20
29
29
29
25
19
28
25
22
23
34
27
33
25
26
21
26
31
30
17
16
27
31
20
27
23
22
28
34
25
23
29
24
27
21
24
20
26
22
16
34
20
27
92
156
37
20
24
20
25
13
26
12
23
18
19
18
19
24
14
20
19
16
16
12
18
19
19
22
13
16
11
13
19
18
18
20
19
17
15
18
19
12
24
17
19
20
13
16
11
25
20
15
26
20
11
22
17
22
21
32
41
25
29
20
31
22
11
14
19
23
16
19
15
16
18
19
26
15
19
21
16
11
18
16
14
19
15
19
22
13
22
18
16
13
20
17
25
15
25
11
14
17
17
14
17
16
21
14
18
29
20
17
12
22
20
20
28
117
84
28
29
17
21
22
20
26
19
20
20
26
33
25
22
30
23
31
28
20
24
20
24
28
25
31
31
15
18
22
26
24
25
21
28
33
30
24
35
23
36
32
19
25
29
34
22
23
26
18
25
16
24
18
17
18
25
18
22
17
15
22
20
27
13
12
26
22
23
23
19
20
16
19
15
19
15
19
18
17
24
11
17
16
10
20
16
12
22
14
25
12
15
11
21
18
21
21
14
22
12
13
20
12
9
28
14
15
25
18
17
10
10
16
21
20
17
16
22
17
20
32
