376
60
34
27
34
17
7
25
19
12
13
11
17
13
19
17
17
7
9
11
14
8
11
8
8
9
13
7
13
9
7
8
11
9
9
6
10
9
7
6
7
6
3
3
7
12
8
8
4
7
3
6
6
3
2
9
3
6
6
7
7
4
6
3
5
4
7
4
3
4
7
5
7
4
6
7
3
10
4
3
4
7
3
3
1
5
3
1
2
6
5
3
8
3
3
6
7
5
8
8
10
4
10
6
2
2
1
4
10
4
5
2
3
1
6
5
5
2
1
3
5
7
5
10
6
6
3
4
3
7
4
2
6
6
6
3
3
3
5
8
6
11
9
3
8
3
4
4
8
5
7
5
5
7
11
5
5
7
10
8
5
7
8
8
6
12
9
13
6
12
8
9
9
10
8
12
10
17
24
49
275
37
26
17
11
12
9
7
7
11
9
13
8
9
14
10
8
4
7
4
8
11
3
12
5
10
2
7
2
10
1
10
11
8
7
7
7
1
6
5
3
5
7
4
2
5
9
9
6
3
7
4
4
5
4
8
3
5
7
3
6
4
7
4
4
6
2
9
5
8
4
4
6
5
6
4
1
3
6
4
7
2
2
6
1
9
3
5
5
4
3
7
5
2
4
3
5
4
4
3
4
1
4
4
2
5
2
4
3
9
0
3
4
7
5
8
3
4
8
2
8
11
6
6
3
6
7
7
8
10
7
7
3
9
10
6
4
11
5
9
18
6
7
17
13
14
6
8
9
3
11
9
8
9
9
11
4
10
15
13
18
17
12
12
12
17
7
10
15
13
25
15
12
15
18
16
17
18
26
69
