317
273
230
254
240
222
227
252
214
217
243
209
226
222
253
217
215
203
227
191
214
249
203
197
202
208
211
232
189
179
195
180
182
207
191
171
193
202
185
183
163
192
200
162
197
194
175
172
195
189
200
158
176
193
164
174
171
199
191
216
176
223
177
161
168
164
189
160
169
148
173
147
144
171
173
141
146
155
146
157
144
153
165
134
154
170
147
122
137
150
128
144
143
142
129
146
118
152
146
151
123
136
138
135
143
136
130
148
130
126
142
136
125
130
104
113
118
120
139
120
114
143
115
118
132
125
110
142
112
108
107
111
113
133
119
98
123
124
122
98
127
108
117
129
108
135
122
103
117
106
100
113
95
106
114
95
107
96
119
104
125
107
134
96
108
97
110
111
102
113
109
105
121
106
99
102
115
102
123
114
177
143
131
106
118
105
107
94
102
98
95
98
99
124
116
117
128
116
111
122
109
140
103
113
120
125
119
107
119
106
128
115
113
112
129
109
114
104
110
110
114
109
109
98
116
119
117
122
131
115
119
109
107
108
122
133
126
120
124
133
137
120
142
136
120
123
128
108
138
127
116
132
139
141
125
147
137
131
146
147
158
143
136
152
137
159
138
144
167
161
145
127
154
130
149
116
181
141
154
139
132
174
152
132
159
157
160
141
153
160
153
168
159
161
166
186
157
168
197
208
213
198
172
197
196
176
190
168
183
168
184
175
169
143
165
180
187
185
194
163
194
183
171
171
184
177
180
180
182
195
196
185
189
201
228
211
193
173
225
217
217
230
187
221
213
229
198
236
231
216
229
230
221
254
243
246
197
253
238
230
