229
56
27
27
25
26
21
25
29
20
28
23
26
23
13
21
25
17
19
13
19
19
29
28
13
17
19
22
13
21
26
18
14
22
18
16
18
12
10
18
14
18
20
16
16
16
16
11
15
14
12
17
27
17
13
14
11
14
13
20
22
18
17
15
16
13
18
16
16
22
12
10
10
8
12
10
13
11
16
10
10
14
24
17
12
9
15
13
14
12
19
9
10
11
12
9
15
14
16
10
14
8
11
6
6
14
10
12
13
10
11
13
10
9
3
18
17
11
9
15
11
8
14
18
16
19
8
8
11
13
11
9
16
12
12
6
15
12
13
5
15
13
19
15
11
10
8
11
15
19
10
12
10
14
14
11
12
12
12
11
19
10
13
14
9
13
18
11
8
26
17
8
15
14
9
17
12
13
20
26
146
27
20
22
8
15
22
13
14
9
10
17
12
13
10
10
13
13
16
20
13
12
13
17
12
21
14
8
8
17
15
14
10
13
10
13
11
8
9
10
11
9
13
10
12
10
11
8
10
10
13
13
9
11
12
23
21
10
10
12
20
9
16
13
12
11
9
14
15
13
10
14
16
14
14
14
13
11
13
12
10
18
14
6
9
12
13
13
14
17
15
12
14
12
11
16
12
13
14
8
13
13
9
12
15
11
17
14
12
14
15
8
15
18
12
15
18
17
10
12
21
25
13
15
10
17
19
11
9
17
14
13
12
15
15
21
21
17
20
16
17
16
10
19
10
21
15
13
25
27
21
15
17
18
17
19
14
22
15
20
27
18
25
24
25
18
18
20
22
21
21
32
17
27
24
20
27
23
26
43
