76
71
63
52
50
48
48
45
41
41
47
57
46
57
46
57
47
55
56
38
63
42
46
45
43
49
58
55
58
47
54
51
44
49
59
50
43
42
46
33
34
56
41
40
50
62
42
50
51
40
44
41
49
51
47
47
40
47
46
47
35
42
42
39
31
43
26
43
40
48
42
37
39
31
37
36
33
33
51
31
38
36
39
35
43
29
32
35
42
40
43
27
21
27
37
48
31
34
29
25
37
31
33
36
30
27
37
35
28
29
18
24
23
26
28
34
33
28
25
32
29
21
29
22
35
31
19
34
29
23
22
26
26
26
21
25
29
27
35
20
31
30
30
15
25
26
34
25
25
26
26
22
32
18
17
29
29
25
30
30
31
29
24
35
28
31
10
22
27
31
26
29
33
19
26
18
29
23
32
28
30
24
32
19
24
27
26
23
28
27
23
19
23
22
32
24
30
28
24
27
19
23
23
20
27
24
27
29
25
29
28
32
27
38
25
23
33
21
41
29
30
27
30
24
22
23
23
34
27
17
31
30
31
26
30
34
22
30
28
31
30
27
24
35
40
24
28
24
39
27
40
26
18
30
33
37
35
33
28
40
35
29
32
34
49
27
26
39
26
31
40
30
46
35
35
40
28
38
29
30
26
42
45
37
39
31
39
48
49
45
40
48
35
42
37
40
39
48
26
51
47
44
28
45
40
51
24
50
44
37
35
39
35
33
49
42
61
36
25
43
66
49
58
41
46
46
49
39
36
37
47
46
42
32
45
38
56
54
57
46
57
43
37
45
50
40
50
55
61
67
58
47
54
53
50
52
53
62
38
48
