211
17
8
13
9
2
8
10
7
7
14
13
9
8
8
9
8
3
10
10
6
4
2
8
11
3
5
4
8
8
3
3
2
4
3
2
6
4
7
3
2
0
2
2
4
1
3
2
5
3
1
2
2
6
6
4
0
1
0
1
1
1
5
3
0
2
2
3
1
1
3
2
0
1
1
3
0
2
2
0
0
3
1
1
1
2
3
2
3
2
0
0
2
2
3
0
0
0
1
2
2
1
1
0
0
1
0
0
1
1
3
1
1
0
1
3
2
1
1
0
2
2
2
1
2
0
2
0
0
0
0
0
1
0
1
0
1
1
0
0
0
0
1
3
1
0
1
0
0
1
0
4
1
2
1
2
1
2
1
2
1
4
2
6
1
1
1
1
1
3
2
3
2
1
0
1
0
2
1
8
51
6
3
2
0
1
2
3
0
2
2
1
1
3
1
0
4
4
0
5
3
3
1
2
4
1
0
0
3
0
2
4
3
0
0
1
1
1
0
0
1
0
2
0
0
3
2
0
1
1
0
1
2
2
0
4
0
0
1
1
0
0
0
2
2
3
0
0
1
0
1
3
1
2
2
1
1
2
2
2
0
1
1
2
0
0
1
0
1
0
1
1
0
0
5
1
2
0
2
4
2
3
1
1
3
2
1
2
1
0
5
3
3
5
4
0
0
6
3
5
5
2
4
4
0
4
3
2
5
4
4
2
7
5
2
2
3
3
2
2
0
2
1
5
4
1
0
3
1
2
2
5
3
7
2
5
5
3
5
7
5
9
2
8
6
13
12
2
9
17
9
12
8
8
11
12
7
8
10
18
