267
57
32
25
21
27
27
31
23
31
15
40
27
26
12
18
13
16
23
19
9
17
19
21
13
13
17
15
18
20
30
19
17
12
5
13
15
14
17
22
11
14
9
9
15
12
5
8
6
10
16
8
14
7
7
4
7
11
10
10
3
8
6
12
5
8
2
3
5
2
6
6
7
10
6
7
11
5
5
3
5
6
1
4
2
6
3
4
2
2
3
1
1
2
3
3
2
6
2
3
3
1
4
1
1
1
5
2
4
2
6
1
2
2
1
4
4
2
0
6
3
8
0
0
8
2
4
3
1
4
3
3
4
2
2
3
1
3
4
1
7
4
3
2
4
5
2
4
3
8
2
3
7
2
4
3
4
2
2
7
5
4
2
1
1
1
2
3
6
4
4
2
3
6
3
3
3
6
8
26
77
16
7
4
9
2
4
3
4
7
2
4
4
5
3
5
2
2
3
3
4
6
5
4
4
3
5
4
1
3
5
4
9
3
1
2
12
2
1
6
3
5
3
4
1
3
1
2
2
4
2
3
4
1
0
5
3
3
1
2
2
0
2
5
0
1
4
0
0
1
2
3
4
3
1
1
1
2
1
4
5
1
1
4
2
3
0
1
3
6
6
3
1
5
1
1
3
5
1
1
2
4
0
2
4
4
4
1
2
0
6
3
7
9
5
5
5
9
9
6
6
7
4
7
8
8
10
7
14
13
7
14
11
8
11
11
13
11
14
11
15
8
12
16
25
18
14
19
11
16
18
14
22
18
19
14
19
16
18
21
14
17
18
16
21
27
19
22
23
24
19
26
27
22
19
28
19
32
34
47
