341
45
35
17
18
25
20
20
37
16
19
29
22
35
18
13
15
15
15
20
18
15
21
11
18
15
13
8
15
8
15
11
16
11
9
16
13
13
5
9
7
8
3
8
16
17
3
19
12
12
12
12
6
10
6
6
8
4
10
7
8
12
5
5
7
7
12
1
9
4
6
3
7
6
7
6
8
7
1
4
6
7
11
6
4
4
2
3
3
3
6
10
8
5
7
2
10
4
8
11
4
2
7
5
7
5
7
4
2
4
6
9
3
4
11
9
3
8
7
11
3
11
3
3
3
6
6
5
6
5
8
5
9
5
3
5
9
7
4
11
4
10
4
12
9
5
9
3
9
9
9
7
7
8
7
4
3
12
12
10
4
12
12
5
9
13
11
11
15
9
13
16
9
10
12
12
6
14
12
27
249
25
6
6
7
11
3
15
10
12
6
12
8
12
12
14
11
6
10
11
9
10
9
9
7
11
5
7
4
7
5
12
5
10
5
2
9
6
4
8
12
4
13
5
4
7
6
4
7
3
5
5
3
9
5
9
5
3
3
4
4
9
6
6
7
3
7
8
3
9
1
9
3
5
9
6
1
6
4
2
1
8
8
8
7
6
5
5
9
2
2
2
5
3
11
4
3
5
12
9
7
11
4
9
7
9
4
2
8
3
11
8
7
9
6
7
6
10
13
6
6
4
7
8
7
6
10
8
6
8
10
10
11
16
11
9
11
10
10
11
6
5
12
7
13
10
8
16
11
14
10
11
11
10
14
18
10
15
16
22
13
18
18
19
16
21
25
28
29
24
12
25
24
22
18
22
22
21
19
34
