78
21
10
14
14
13
7
16
10
17
6
12
15
8
8
13
9
10
9
10
9
10
10
7
5
8
14
12
8
17
7
6
6
10
13
10
6
13
8
7
15
8
7
5
4
2
4
6
11
7
9
3
3
4
4
8
8
3
6
6
2
7
1
4
7
2
3
6
10
1
5
5
2
9
4
6
4
2
4
3
0
2
2
4
2
2
6
3
3
4
5
0
0
4
3
1
5
2
2
3
4
1
4
2
5
1
2
0
2
2
0
2
2
3
3
1
1
3
0
2
4
1
2
4
4
3
3
3
5
2
2
3
1
3
1
2
3
1
0
2
3
0
2
2
1
3
3
2
3
1
1
2
1
2
1
1
1
2
1
3
2
4
2
2
4
1
1
2
1
3
3
1
2
0
1
5
3
2
3
12
32
14
10
2
3
1
3
2
4
4
4
3
2
4
3
2
1
1
1
3
6
3
3
2
6
1
1
2
1
4
2
2
2
1
2
3
3
1
1
4
0
2
1
1
1
3
2
1
2
2
0
2
2
0
3
1
1
2
3
4
2
2
0
2
1
1
3
1
1
4
1
4
4
2
1
1
2
4
0
3
1
6
0
0
2
3
1
6
4
3
0
3
2
1
0
1
5
1
2
2
5
3
2
5
5
3
6
4
1
2
2
2
2
2
2
1
5
2
2
3
8
3
6
1
4
9
3
8
3
4
2
3
0
4
7
3
5
6
9
11
4
7
6
9
2
16
5
5
7
3
12
10
6
13
12
7
9
8
4
3
6
7
8
10
8
9
10
13
6
13
14
9
16
7
9
16
8
10
24
24
