104
15
15
9
17
5
13
11
4
10
13
15
6
7
11
7
7
7
8
3
6
10
6
8
3
7
12
5
5
9
3
4
2
4
6
6
2
6
1
5
1
7
4
1
4
4
3
3
2
2
2
8
3
4
1
4
2
2
1
1
2
2
4
2
4
0
1
2
0
0
1
0
2
0
1
1
2
1
2
0
3
3
1
1
0
1
1
1
3
0
0
0
0
0
0
1
0
0
1
0
0
0
0
0
0
0
1
2
3
1
1
0
0
2
0
0
0
0
1
0
0
1
0
0
0
1
1
0
1
1
0
0
0
0
1
0
2
0
0
0
1
0
0
1
0
1
1
0
0
0
0
0
0
0
1
2
0
0
0
0
0
2
1
1
0
0
0
0
0
0
1
0
0
0
1
2
0
2
1
2
7
4
2
1
1
2
0
0
1
0
0
1
0
0
1
1
0
0
0
0
0
1
0
0
0
0
0
0
0
0
1
0
2
0
0
0
0
0
1
1
0
1
0
0
0
1
0
0
0
1
0
0
2
0
0
0
0
0
2
0
0
1
3
1
1
1
0
0
0
0
0
0
1
1
2
0
1
0
0
2
1
0
0
0
3
0
5
0
0
3
0
1
0
2
1
0
0
1
2
3
1
0
2
1
0
1
1
0
1
3
3
3
0
2
0
2
1
2
2
4
7
3
0
4
5
4
2
1
2
1
4
3
4
2
2
4
4
2
2
4
4
2
2
4
4
3
2
4
2
1
5
5
7
9
5
6
7
10
4
11
2
6
7
8
6
9
15
10
6
14
8
11
6
3
7
8
6
12
16
31
