254
56
27
32
20
18
18
14
18
17
21
17
18
19
12
15
12
11
14
17
12
9
12
15
12
14
17
17
12
11
15
10
16
9
7
11
6
2
14
2
7
7
9
6
8
4
8
5
4
5
5
8
3
5
2
5
5
5
5
3
2
6
4
3
4
1
3
4
1
2
1
3
4
1
2
5
5
2
2
1
2
3
2
4
2
1
1
1
3
1
0
1
2
0
0
3
2
0
3
2
1
2
1
2
0
2
2
2
1
0
0
0
0
0
0
2
0
1
2
1
0
1
0
0
0
2
0
0
2
2
1
2
1
1
0
0
1
0
1
5
1
0
1
1
0
0
1
1
3
0
0
1
0
2
0
1
1
1
1
1
1
0
2
1
0
1
1
1
0
0
2
0
1
5
1
2
2
3
3
5
27
7
3
3
2
5
2
2
0
1
1
1
2
0
1
2
3
1
0
1
1
2
0
1
1
1
1
4
1
0
0
1
0
1
2
1
0
0
1
1
3
3
1
1
0
0
2
0
1
2
1
0
3
3
2
2
0
0
0
1
1
2
1
2
1
0
1
2
0
1
0
1
2
3
2
1
0
0
5
3
0
2
2
4
0
0
3
1
3
5
2
1
1
0
2
0
1
2
1
0
1
2
2
5
3
2
2
4
5
1
3
3
2
2
2
3
3
5
4
3
4
7
1
2
4
3
5
2
4
6
8
10
6
2
3
6
6
5
7
5
7
6
6
12
9
8
7
11
10
15
11
13
9
8
9
14
15
16
13
13
7
22
8
18
14
24
17
15
17
22
27
15
21
17
18
22
18
36
39
51
