826
185
116
75
80
56
71
67
61
61
54
69
43
55
41
48
41
43
41
52
53
40
53
47
49
39
47
45
48
44
40
36
31
44
29
31
31
23
33
35
27
26
25
28
25
18
23
19
25
20
24
18
23
11
27
15
14
9
19
11
13
6
17
9
10
15
10
12
19
14
11
16
10
13
11
5
6
9
7
8
9
5
5
6
8
7
4
10
3
7
5
3
8
2
6
8
6
4
7
3
3
5
3
5
6
8
3
2
2
2
3
2
4
1
5
3
5
2
1
4
4
7
4
4
0
3
4
8
46
5
4
3
6
4
2
2
3
5
4
2
3
1
3
2
6
4
3
4
4
1
2
3
11
7
3
3
7
5
3
7
2
3
2
5
3
4
1
5
9
4
5
4
2
5
6
14
4
12
28
34
131
34
18
6
2
13
9
8
7
9
2
8
5
5
7
4
6
5
3
8
5
1
3
4
1
1
3
6
9
7
1
5
2
4
4
6
4
6
3
3
5
2
2
2
2
4
5
9
1
4
2
5
38
3
6
3
3
3
4
6
3
6
3
1
8
6
3
3
3
4
4
6
5
4
5
5
3
6
2
4
3
5
5
4
9
1
8
1
6
5
6
6
7
11
5
5
6
6
6
9
5
8
5
5
5
12
9
18
8
6
11
13
12
9
8
10
9
12
10
9
18
11
15
13
14
18
20
12
12
22
25
13
16
21
24
22
21
23
23
23
27
23
37
38
30
31
28
34
31
40
43
38
48
44
38
41
38
42
44
37
58
57
52
52
53
47
59
55
54
74
57
77
62
58
78
66
90
96
120
205
