1397
303
185
113
99
68
103
79
91
87
65
57
66
74
70
67
51
64
56
66
54
52
63
47
46
49
59
36
63
39
57
37
53
35
48
65
40
49
44
47
33
42
47
37
28
30
24
39
33
34
38
34
36
32
34
34
44
30
24
21
28
25
33
22
22
28
30
17
26
30
19
22
23
28
29
22
22
17
27
26
23
20
35
22
21
21
13
12
22
19
18
29
11
24
13
20
15
14
15
12
16
18
12
11
15
18
20
13
19
22
17
15
26
14
22
15
18
13
14
14
20
22
17
12
9
19
16
29
28
17
14
19
22
18
21
14
17
18
26
24
19
9
21
23
19
21
26
26
11
18
10
15
24
24
22
20
25
27
13
27
39
18
35
37
15
22
34
22
25
24
26
34
27
31
40
47
49
62
84
203
899
160
101
58
62
44
38
34
35
26
24
17
25
28
32
22
25
16
24
25
20
20
21
20
17
14
22
20
18
23
30
17
29
24
14
17
11
18
18
23
20
28
19
18
16
20
16
11
17
17
16
22
16
17
15
24
16
16
14
16
22
17
16
13
21
19
23
20
14
23
17
16
17
18
21
25
20
18
17
14
17
7
18
23
4
17
24
14
12
20
16
13
15
13
20
19
19
18
24
16
19
28
13
21
17
24
21
24
22
23
25
27
27
35
17
32
29
23
24
29
32
33
27
38
32
27
31
36
31
43
37
36
39
29
25
27
45
27
31
40
42
47
44
45
49
68
49
47
59
62
60
42
63
48
62
59
57
63
57
50
57
51
58
52
59
68
64
83
77
58
65
78
78
75
78
75
92
111
155
276
