113
75
90
59
82
53
59
69
74
75
64
68
50
67
55
66
61
69
61
61
56
62
55
50
59
47
58
45
67
58
48
66
47
48
38
50
41
45
41
48
38
46
40
55
55
34
37
41
54
40
47
51
32
39
54
51
30
43
41
49
47
46
40
39
31
36
39
29
39
30
31
32
32
38
30
28
36
33
27
23
24
24
25
25
32
27
21
39
26
38
25
36
17
19
24
18
34
18
30
35
21
26
17
31
19
31
22
22
27
25
27
21
22
22
16
30
21
16
15
15
15
31
20
13
20
26
22
17
29
19
14
18
28
26
14
27
16
28
18
31
25
26
21
19
18
17
17
12
23
13
25
15
15
18
16
33
22
18
13
23
30
23
22
15
15
18
19
23
15
22
26
13
20
30
25
24
16
17
27
31
38
27
19
20
26
24
25
23
15
14
18
14
21
20
21
19
27
22
17
26
30
22
16
20
24
16
9
17
16
22
27
16
20
20
20
15
20
20
18
24
27
15
35
25
12
20
21
20
20
28
19
25
19
28
21
29
19
29
21
40
23
24
24
16
19
17
28
25
12
29
21
28
26
27
25
29
26
20
30
19
25
37
20
37
35
23
24
33
25
23
29
34
27
19
31
31
43
28
27
34
31
29
33
30
21
37
25
27
37
27
36
27
29
29
33
25
27
32
45
43
38
40
51
39
39
37
56
35
42
37
40
56
32
34
41
45
41
49
44
56
46
60
49
44
44
57
66
46
47
53
45
68
68
51
58
47
53
48
65
58
64
61
54
66
61
63
63
77
80
44
64
63
79
71
73
82
46
59
70
65
