97
15
9
9
6
4
4
13
6
9
6
3
9
7
6
4
8
4
5
6
4
5
5
6
8
3
4
10
7
6
3
9
5
5
6
3
3
4
7
4
4
3
6
7
6
5
4
4
6
4
4
3
6
3
4
3
6
3
5
2
6
2
7
2
6
2
4
2
2
1
4
2
3
6
4
1
3
1
3
3
2
3
3
1
1
6
0
0
1
6
3
4
2
2
2
4
1
4
3
2
2
3
2
1
1
2
5
1
2
3
1
3
3
1
1
2
3
1
6
4
7
8
5
3
1
2
4
5
4
4
2
4
0
5
3
1
5
5
2
3
2
5
5
2
1
5
2
5
2
4
0
0
4
9
5
3
1
4
1
9
0
1
2
2
2
2
2
5
0
3
2
3
2
0
2
6
10
6
14
11
42
13
12
8
4
7
2
5
3
6
8
4
5
3
5
4
2
3
4
1
4
2
4
1
1
7
5
2
4
2
4
2
1
2
3
1
4
4
1
3
1
2
5
2
4
1
4
3
5
5
0
4
2
1
2
2
4
2
1
4
7
3
2
3
2
5
2
2
3
3
2
7
2
3
2
2
2
1
3
3
2
4
5
3
1
1
2
3
4
0
3
6
2
2
5
1
4
2
6
1
0
0
4
3
2
8
6
1
1
2
3
3
4
6
3
1
3
6
3
2
5
3
8
4
4
4
5
5
6
4
5
7
3
9
6
4
4
4
4
3
4
3
7
4
8
3
7
8
7
5
2
4
8
2
2
11
4
5
4
5
5
6
7
6
6
1
4
2
8
9
13
3
5
7
9
4
11
10
10
21
