148
83
54
40
48
34
40
50
49
45
40
39
25
30
40
31
41
53
47
38
38
40
41
40
48
44
47
40
33
42
34
35
36
53
50
33
48
25
28
37
29
40
43
34
23
29
34
50
31
28
26
25
23
27
34
26
21
27
25
21
21
22
23
29
26
37
30
24
22
22
21
16
16
20
21
28
21
31
29
20
25
24
22
22
21
29
34
19
15
18
23
17
13
28
15
24
22
21
23
16
19
16
20
20
17
20
12
20
28
33
26
29
26
19
13
28
22
22
21
24
18
22
26
40
56
22
17
28
20
18
24
12
22
17
7
18
10
14
18
17
13
17
20
16
17
22
20
17
14
18
18
19
16
17
15
12
19
10
13
16
17
19
14
11
16
21
18
12
13
15
14
20
24
18
24
20
18
23
31
47
66
28
19
13
26
19
22
20
19
18
17
13
16
24
16
16
14
18
17
19
15
14
17
15
18
16
10
16
13
16
20
17
16
16
16
13
21
12
19
24
18
14
15
15
16
11
20
17
19
14
14
18
25
20
14
24
44
26
24
21
24
21
21
29
13
19
23
26
22
21
15
21
26
14
19
18
24
24
19
19
17
22
22
16
28
22
21
22
23
18
21
15
22
18
17
22
16
19
27
27
26
26
26
20
25
33
32
26
19
23
22
31
25
25
25
22
25
20
24
29
25
18
28
21
24
22
31
29
35
24
37
24
37
41
35
43
29
37
35
32
31
33
37
39
37
41
51
48
46
38
34
31
50
39
31
41
43
42
37
39
28
36
41
35
41
36
31
27
33
33
41
38
37
34
34
43
25
54
47
58
