1301
483
387
344
305
294
285
268
297
262
293
313
278
272
293
282
281
323
304
275
295
282
287
277
283
271
257
293
294
290
274
265
257
269
295
316
294
279
247
255
250
247
220
221
193
203
191
217
197
202
206
211
215
188
228
220
227
197
183
237
199
190
198
210
199
191
185
205
188
186
180
202
203
211
211
226
192
184
177
171
204
177
151
170
182
156
165
156
155
162
198
184
178
169
139
133
159
199
160
142
161
177
176
179
161
170
162
159
133
150
180
156
168
182
139
158
138
147
152
163
175
184
273
321
174
144
160
135
139
133
135
125
145
127
142
126
138
127
139
131
124
144
136
124
136
126
155
146
121
133
121
143
146
143
123
124
139
134
108
117
131
115
132
130
126
129
116
121
98
116
124
127
148
131
144
144
160
188
191
315
682
330
209
186
167
146
145
145
139
138
135
141
129
101
114
112
136
129
129
124
151
112
144
122
123
120
147
129
145
143
141
129
126
124
146
148
144
136
121
111
157
127
127
126
111
161
122
107
133
151
148
135
132
160
164
161
146
322
246
206
161
146
142
158
142
154
164
160
174
154
198
147
136
163
158
148
171
140
162
141
157
188
199
190
191
135
151
169
191
167
156
164
156
160
190
156
172
154
182
171
151
169
150
173
185
225
183
201
179
192
175
166
179
191
197
184
201
175
183
235
206
234
245
194
222
177
203
201
207
211
191
227
205
187
207
211
237
234
268
229
251
307
248
262
271
302
266
274
294
247
279
278
303
296
321
281
286
288
282
319
306
277
263
306
261
270
281
249
288
250
301
282
301
300
271
262
316
352
356
481
