742
136
64
55
45
50
35
34
32
30
36
28
41
45
35
48
24
32
30
29
38
39
28
24
28
31
40
33
35
41
23
19
25
28
34
24
21
12
20
20
15
20
35
19
17
24
12
19
28
11
14
17
16
17
16
27
18
19
15
17
15
14
8
14
15
16
10
11
6
10
11
12
12
17
11
7
10
4
9
15
10
12
8
8
9
11
8
9
7
9
11
6
7
10
9
10
4
10
7
10
11
11
10
6
9
6
3
13
6
5
7
4
6
12
8
6
8
12
11
10
14
11
12
6
5
11
17
10
8
13
6
5
9
11
2
8
10
6
8
6
10
10
10
6
8
7
6
5
14
16
15
7
13
15
13
13
21
5
12
9
14
8
6
9
15
14
8
10
11
11
10
15
10
14
17
15
19
25
44
84
438
87
25
28
21
23
27
15
8
9
18
15
11
7
14
10
7
7
5
13
13
13
8
6
11
11
8
9
9
8
12
9
15
12
12
15
7
10
6
15
9
14
12
13
14
8
5
2
4
12
14
5
7
6
13
6
10
13
9
8
11
8
16
4
10
10
3
11
9
6
9
9
7
6
11
9
9
7
6
4
7
17
8
14
12
8
6
11
3
14
6
4
3
7
7
3
12
11
4
5
6
7
3
11
13
19
10
7
8
13
15
13
17
8
16
15
12
11
12
9
19
21
14
13
15
13
7
16
8
16
11
14
21
22
13
22
9
18
22
13
7
22
25
26
16
30
25
36
33
28
29
29
32
31
33
21
26
24
28
31
17
34
30
27
32
36
40
36
22
28
32
37
32
49
30
47
57
58
53
155
