103
38
10
5
7
12
9
7
9
18
7
4
7
9
7
6
15
7
5
7
4
8
5
6
9
6
10
3
7
8
2
8
8
5
13
6
8
6
2
12
5
5
7
9
3
4
5
3
2
3
4
6
3
6
7
3
3
3
1
5
2
7
1
4
1
2
3
1
5
3
6
6
6
4
1
3
5
7
4
2
6
11
5
3
6
6
6
4
1
5
5
2
5
3
2
2
3
1
5
3
2
2
2
2
2
6
4
4
5
3
4
1
7
1
3
3
3
4
4
1
2
7
0
4
3
3
4
2
5
4
5
0
4
7
7
7
5
2
4
0
6
4
4
4
3
5
1
3
3
7
7
6
4
1
5
7
3
5
6
7
6
5
1
2
1
5
4
4
2
5
3
6
10
8
9
5
6
12
13
47
117
32
28
7
17
12
7
5
6
7
4
5
6
4
8
4
8
2
6
7
4
3
6
3
0
6
5
2
3
3
3
4
4
5
1
2
4
3
2
2
0
3
4
5
1
1
5
3
4
6
3
3
1
3
2
3
1
0
7
6
1
3
0
1
0
0
3
1
3
3
1
3
5
4
3
4
0
0
3
1
2
1
0
5
3
4
3
2
3
3
3
8
5
2
4
3
1
2
1
5
4
2
7
5
3
3
1
6
5
2
3
4
1
3
6
2
4
3
3
1
2
7
2
1
5
4
3
5
5
3
3
4
3
4
4
10
4
7
7
4
3
10
3
10
3
6
11
7
4
9
10
7
3
6
7
7
6
7
14
5
8
6
9
9
8
7
4
5
2
1
6
8
5
10
6
9
5
18
17
40
