14536
2509
1103
728
624
491
451
473
443
370
407
384
436
383
342
318
315
304
303
265
286
297
225
263
227
257
249
224
221
194
195
208
221
194
206
188
186
181
172
163
155
164
157
136
149
154
134
151
131
129
147
119
148
134
168
135
131
120
143
125
140
133
151
146
142
130
126
115
137
125
121
114
123
124
123
124
111
115
122
111
96
101
106
99
103
118
92
92
104
96
99
94
104
104
116
106
116
119
84
104
109
101
94
123
110
112
118
114
120
104
118
118
108
105
105
119
113
114
119
141
133
133
132
137
128
137
132
120
130
115
124
124
141
132
116
120
153
133
132
130
145
139
167
160
161
139
179
206
162
182
186
166
195
199
210
219
197
189
222
241
241
217
225
219
241
232
292
321
243
273
276
302
288
301
324
379
454
626
971
1997
10524
1929
1003
605
433
371
316
316
315
305
262
266
261
293
225
264
223
232
278
261
244
218
212
204
193
187
258
215
192
214
167
193
184
149
177
166
156
139
151
155
141
189
133
145
129
157
131
133
161
112
128
118
133
132
130
152
123
115
114
158
155
132
116
116
115
119
146
110
102
117
131
102
119
119
111
121
121
107
101
107
103
105
100
105
127
113
94
127
110
108
108
110
110
94
121
113
119
94
106
99
92
93
123
123
111
144
110
126
121
134
117
140
127
124
153
131
165
147
152
159
138
132
117
118
129
126
146
120
139
168
142
173
127
148
158
157
184
139
161
154
163
176
175
199
176
188
203
204
226
204
218
222
235
252
263
242
240
229
219
312
290
286
328
291
302
302
353
352
391
395
395
412
361
430
459
521
595
721
1048
2482
