21
17
12
21
13
15
18
10
7
14
17
11
11
14
12
11
12
21
15
13
14
8
12
8
12
20
12
12
14
10
9
9
18
12
17
13
15
19
25
20
20
17
51
15
9
17
16
8
10
8
13
9
12
4
15
7
19
5
3
5
10
9
9
5
9
11
4
7
9
8
6
6
4
9
12
11
2
4
6
3
5
8
5
5
3
12
3
10
3
3
4
3
5
6
5
6
3
5
5
3
1
5
0
3
3
3
1
6
1
2
5
5
2
0
5
3
4
1
1
5
2
3
3
6
4
5
5
4
3
1
2
3
1
3
3
5
2
4
2
4
1
1
1
1
1
2
1
3
2
2
0
3
1
3
4
3
3
1
4
3
1
1
4
1
2
1
1
2
2
1
2
1
2
0
3
3
1
0
2
3
2
2
1
3
1
3
5
4
2
3
1
5
1
2
4
3
1
1
3
2
1
2
2
1
3
4
2
2
3
1
0
5
3
1
1
4
3
3
2
2
5
2
0
0
4
2
3
2
1
2
2
3
4
3
2
4
2
5
2
5
3
0
1
3
3
0
1
3
4
5
1
3
4
3
6
4
2
1
2
3
1
5
4
3
4
2
4
4
4
3
5
1
3
9
4
5
3
5
4
3
7
4
5
3
6
7
2
10
9
5
12
5
9
8
11
12
7
6
12
9
14
12
4
9
10
7
9
9
15
11
9
11
9
6
12
7
6
13
32
20
20
20
22
17
13
28
16
10
8
11
16
14
11
10
12
11
15
13
8
7
14
18
17
23
17
15
16
15
10
10
16
16
15
21
16
15
15
13
16
13
