1057
164
90
58
41
37
37
42
32
23
22
24
26
23
28
23
27
14
22
21
21
29
21
13
15
12
22
14
16
19
20
17
25
21
16
16
18
21
14
13
8
14
14
10
11
12
9
13
12
13
12
12
13
10
15
13
12
9
9
12
15
14
9
17
15
10
13
8
9
8
11
14
9
9
13
4
13
10
11
12
7
11
11
11
13
9
6
8
11
11
7
13
14
11
10
9
13
9
7
13
9
10
13
18
14
10
19
14
11
21
9
17
8
9
13
12
17
12
12
18
15
11
11
12
16
9
10
18
24
10
18
15
12
13
23
12
10
8
20
9
13
11
13
13
22
10
15
22
15
18
24
20
14
23
24
23
12
16
21
14
25
15
21
28
28
29
25
21
26
20
29
22
23
33
29
28
38
46
84
169
1126
175
74
42
34
49
19
43
26
25
16
27
32
21
24
21
17
18
20
25
18
27
26
15
13
15
20
7
18
20
13
16
9
28
17
17
11
6
7
16
17
14
7
6
8
8
13
8
8
10
11
12
11
10
13
18
8
13
13
10
15
9
12
13
12
10
7
13
13
11
13
10
15
10
14
8
12
6
10
10
10
7
8
9
15
9
12
15
15
11
12
9
15
12
7
10
5
12
4
11
5
6
10
8
10
12
11
10
11
12
18
14
11
22
13
9
11
13
17
14
18
16
23
7
13
15
17
11
5
7
12
20
13
15
6
12
10
15
17
6
13
17
17
13
17
12
16
17
21
22
13
19
25
21
23
23
18
29
22
9
18
16
25
27
18
30
22
25
29
21
20
24
40
20
31
34
46
56
89
160
