440
170
81
71
61
77
54
49
48
50
48
59
48
49
59
58
44
52
69
63
62
45
58
37
51
48
52
49
49
49
53
51
46
48
58
51
54
36
53
58
47
47
37
36
35
38
24
31
41
34
29
43
43
32
34
34
56
29
35
37
39
27
45
30
26
34
38
32
40
28
28
38
30
31
31
54
42
31
36
21
28
28
22
31
26
31
29
35
34
23
38
34
35
40
30
47
26
34
42
29
33
29
19
38
36
19
36
42
34
36
33
30
30
25
36
36
31
37
31
25
39
43
39
37
41
46
35
37
24
38
40
32
36
44
26
28
36
34
32
27
33
28
30
32
31
35
38
40
32
42
32
37
36
35
38
41
26
41
40
28
31
36
33
35
43
27
37
36
33
30
33
41
31
36
52
39
55
54
62
105
244
110
61
62
44
53
32
36
32
44
42
36
31
44
31
36
37
38
40
30
33
36
32
35
35
39
40
41
37
29
43
34
25
29
36
29
49
24
34
38
26
31
26
22
29
30
35
40
32
37
27
35
28
41
43
31
37
36
24
42
28
27
40
24
31
36
22
20
25
26
23
34
25
47
22
31
32
33
29
32
34
20
30
26
42
37
36
31
44
30
24
29
26
32
17
34
39
27
26
30
36
35
28
43
31
31
35
38
30
27
34
34
36
29
36
36
26
38
36
34
38
42
39
37
42
36
40
34
49
28
28
39
37
37
36
31
36
28
25
28
53
58
40
40
50
37
43
60
38
52
41
47
29
49
50
56
63
54
47
52
45
44
48
42
53
61
45
53
52
57
55
54
48
50
62
55
67
62
106
157
