424
45
24
10
9
13
9
2
3
9
4
2
1
2
4
7
2
1
4
3
2
8
6
4
5
2
6
3
2
6
7
3
2
3
2
0
2
5
4
2
4
3
3
2
0
0
3
4
0
2
1
1
0
1
2
2
2
3
3
0
1
2
3
2
3
1
1
3
3
1
1
0
1
2
2
5
2
2
1
1
2
2
2
2
1
1
3
0
1
2
1
2
3
1
0
4
1
3
3
0
1
0
3
2
2
0
4
4
1
2
1
2
2
5
2
2
2
2
3
2
2
3
2
4
2
2
1
1
1
2
1
0
2
3
3
4
1
2
4
1
2
3
2
0
8
4
2
3
10
5
3
4
2
4
3
1
2
6
0
2
5
4
3
5
8
13
5
7
4
6
3
2
9
12
4
4
11
12
28
63
513
74
29
17
9
8
7
11
10
5
7
5
6
8
4
6
2
7
5
3
6
2
1
2
4
1
6
4
3
4
2
4
0
4
0
2
2
3
2
5
1
3
0
1
2
2
5
3
0
2
2
1
2
2
4
1
1
4
1
6
2
5
0
2
2
3
1
0
0
0
2
3
2
2
0
1
0
3
1
1
3
2
0
3
1
1
1
3
1
1
0
2
2
1
2
2
4
3
2
0
0
0
2
2
0
3
3
1
2
0
2
1
0
0
1
3
4
1
0
2
1
3
5
3
1
1
2
1
2
1
3
1
2
0
5
0
1
1
1
4
5
0
2
1
2
8
6
3
3
3
4
2
3
3
1
1
3
0
4
3
3
5
3
2
5
3
4
3
3
5
7
6
5
4
9
2
1
15
13
52
