158
35
24
13
11
8
8
13
5
11
3
8
5
4
10
3
13
4
5
4
11
7
10
5
9
2
9
5
11
8
4
4
3
9
6
7
1
5
9
3
0
1
3
7
3
4
4
4
4
4
3
3
2
4
2
7
4
3
3
3
1
5
4
2
6
1
6
5
3
4
5
5
7
6
7
4
3
5
3
9
2
2
0
1
3
1
1
2
1
5
3
5
2
4
6
1
7
0
0
2
1
2
4
2
0
4
3
5
1
4
4
1
2
1
6
1
4
3
2
4
5
4
2
3
3
3
3
9
2
3
5
7
2
3
3
1
3
5
7
8
8
6
1
2
6
3
5
6
2
4
5
8
4
3
6
2
5
7
7
6
6
6
8
6
5
2
4
2
7
6
11
7
6
8
7
6
13
11
15
39
133
46
13
12
5
8
6
6
5
5
8
6
4
10
7
8
7
5
7
4
16
3
3
5
4
4
8
1
7
2
3
3
3
4
4
3
2
2
4
5
2
2
2
2
4
7
4
6
3
2
4
3
3
5
3
4
2
6
2
1
4
2
3
5
2
4
2
3
8
3
4
2
1
3
6
2
3
2
2
3
3
2
5
4
0
0
3
2
3
5
4
0
1
4
6
4
1
3
3
3
4
4
6
3
0
5
3
2
7
2
4
1
6
3
1
3
1
2
2
5
2
2
3
3
1
5
3
4
3
9
2
3
4
4
4
9
6
6
5
11
6
5
5
8
10
7
5
5
7
6
6
6
5
6
5
2
8
6
5
4
12
10
3
5
11
3
3
12
5
11
16
7
9
12
10
16
7
22
16
34
