50
20
11
19
12
9
7
8
12
15
5
12
8
10
8
10
7
8
6
17
14
8
9
8
9
6
8
14
8
8
9
8
9
7
6
7
4
6
4
8
7
6
10
7
5
5
1
5
4
3
4
5
8
5
5
3
3
3
3
1
6
2
7
3
3
4
7
2
6
7
3
8
2
2
5
3
9
4
3
6
2
3
7
3
3
7
1
2
4
4
2
2
2
6
3
4
2
7
2
6
2
5
1
2
6
3
1
3
5
4
7
2
1
7
6
1
3
5
4
3
2
1
6
1
3
4
2
5
2
4
3
2
4
3
4
2
5
3
0
5
4
2
5
3
4
1
2
2
2
1
4
2
5
3
1
2
2
6
5
2
2
2
3
3
5
5
2
5
3
6
5
6
7
4
3
5
3
4
9
6
16
8
6
2
6
3
3
4
3
0
3
0
2
3
2
2
4
5
4
4
2
5
0
3
5
3
5
2
3
5
0
5
1
2
2
2
2
3
1
1
2
8
3
5
2
6
3
2
2
4
4
3
5
5
4
4
1
2
3
5
4
6
4
4
6
2
5
3
3
5
3
0
1
4
5
5
4
3
2
6
3
3
4
4
3
4
1
5
2
0
2
8
2
6
2
2
6
3
1
4
6
3
1
4
3
8
8
4
4
3
2
5
5
9
3
10
2
9
2
3
2
4
5
9
4
4
5
6
6
2
7
3
7
5
4
6
8
6
3
3
9
11
8
3
11
7
5
5
4
3
10
6
8
9
9
7
7
15
11
17
7
6
15
8
7
7
5
8
8
14
10
11
7
10
4
15
14
13
11
19
