600
90
56
34
20
23
18
14
10
14
10
9
7
6
10
10
8
8
11
4
9
11
3
6
6
4
11
9
11
8
9
10
13
13
5
8
10
6
8
9
2
5
2
7
10
5
4
5
4
7
3
2
3
5
2
4
6
6
5
5
1
3
5
7
7
3
3
3
1
2
6
4
3
7
2
5
5
3
6
5
8
5
1
5
7
7
3
4
6
3
6
4
7
7
5
4
5
5
4
6
3
5
5
1
3
3
3
7
2
4
5
7
8
7
6
4
4
12
5
20
9
5
11
5
8
3
11
8
12
1
7
4
11
3
2
8
6
5
3
5
2
7
4
9
7
8
10
8
12
6
6
13
9
6
7
13
3
6
7
16
5
8
10
9
6
27
15
13
16
14
18
15
13
15
20
30
18
32
46
83
471
87
40
35
19
26
20
16
14
14
18
15
16
12
18
18
10
7
11
8
13
12
9
6
11
10
6
6
9
8
7
5
8
6
7
5
8
9
12
6
8
5
5
2
7
3
9
8
5
4
4
4
6
9
5
9
7
3
3
8
9
8
5
10
7
3
4
9
10
0
5
2
7
2
4
3
1
4
2
3
6
3
4
8
2
7
15
5
7
5
7
8
3
5
5
9
4
1
8
6
3
5
8
1
5
8
5
5
5
3
5
4
1
6
6
5
8
5
7
6
6
3
1
10
8
5
2
4
3
3
3
5
5
4
3
0
6
4
2
10
4
2
9
8
10
3
11
11
7
6
13
6
7
7
7
5
7
3
11
4
8
4
3
6
7
9
8
9
7
7
10
12
9
13
18
17
18
32
45
74
