565
195
119
95
68
76
68
55
53
60
52
58
41
63
71
52
68
41
55
60
48
58
55
55
62
43
52
61
56
45
52
49
55
53
70
57
52
58
48
46
48
55
38
50
43
53
46
52
42
39
54
42
37
38
35
63
65
52
43
55
40
51
47
35
44
43
59
44
38
44
44
51
38
52
53
45
51
39
35
53
45
42
32
50
32
56
48
62
46
43
40
35
47
62
43
45
36
53
48
55
75
50
43
48
34
54
43
31
51
52
69
45
53
45
48
44
59
39
56
72
66
74
48
58
50
45
57
43
47
51
38
47
40
49
44
43
50
48
47
47
52
41
56
46
61
46
41
46
46
39
52
40
40
42
41
36
56
53
43
54
53
58
57
50
59
43
56
47
48
50
46
59
57
56
64
64
71
78
114
206
469
220
131
94
66
75
63
58
53
58
54
46
52
47
44
70
43
50
57
56
50
47
46
54
46
48
43
56
46
59
48
43
45
52
49
42
49
51
51
47
36
42
34
38
59
46
56
52
45
39
53
68
38
47
53
56
58
61
65
67
59
51
44
67
49
45
46
53
46
41
56
50
51
53
45
52
44
46
44
57
62
37
53
37
67
40
40
67
40
48
51
55
41
46
34
35
58
49
40
52
52
46
46
59
46
51
51
49
38
35
50
61
46
45
53
58
45
46
43
59
44
53
45
57
58
56
45
37
49
46
34
44
47
46
50
42
36
43
54
53
46
34
49
41
68
58
81
53
49
52
60
50
63
50
57
70
53
58
41
57
46
50
56
47
54
69
58
64
51
70
64
54
50
51
61
70
83
87
122
205
