84
33
22
20
27
20
29
28
24
28
37
30
13
31
14
25
15
20
18
23
28
21
20
11
16
17
21
24
26
23
24
24
19
21
19
22
21
15
19
25
24
20
16
14
18
18
21
15
12
22
21
22
13
20
18
12
12
8
17
16
9
13
22
15
12
15
17
14
16
12
16
17
16
21
9
15
9
12
14
14
13
19
13
22
12
14
13
8
11
17
10
8
7
20
12
12
15
16
21
15
14
14
16
16
13
13
10
12
11
12
14
12
11
5
6
16
9
11
13
15
15
13
12
10
8
9
10
13
14
19
13
7
5
9
11
8
4
5
7
8
12
9
13
6
5
12
9
11
16
14
6
10
11
10
12
9
5
10
4
8
7
5
10
10
8
10
13
7
8
14
9
11
7
9
13
6
10
13
5
15
31
14
13
12
9
5
11
10
11
17
11
18
12
6
11
11
9
3
12
7
9
8
11
6
12
4
6
11
8
8
6
8
11
9
10
9
7
7
7
7
13
9
11
10
13
8
5
4
11
14
14
7
13
10
7
13
13
13
12
7
11
10
8
15
1
12
12
10
15
17
6
10
8
15
8
13
13
9
11
7
13
11
9
10
15
15
14
11
12
11
13
12
9
18
10
16
10
15
13
7
11
8
7
17
13
16
13
7
15
12
20
16
11
15
19
15
13
6
20
23
12
16
12
14
12
20
12
12
14
18
19
26
19
14
22
16
22
21
29
25
22
16
15
32
17
17
30
20
32
12
22
20
20
32
24
22
33
32
35
21
24
23
22
25
25
21
19
30
35
26
20
16
28
29
18
32
22
28
16
27
