5580
1358
823
559
460
402
371
338
303
321
301
308
269
291
255
265
244
214
240
231
222
214
230
218
186
206
215
204
213
230
187
167
192
157
157
145
144
156
149
111
95
122
120
106
127
94
104
105
112
108
98
108
92
84
100
101
99
97
89
91
81
100
89
98
89
87
79
70
54
60
69
84
75
72
79
91
91
66
69
78
45
66
51
71
66
58
49
49
48
73
73
71
71
59
54
46
61
63
39
54
62
47
69
64
42
41
59
51
44
68
53
54
54
65
54
49
75
48
49
75
53
60
63
66
66
56
68
54
65
51
71
62
57
65
74
60
50
68
88
59
79
61
75
61
87
71
72
89
90
87
78
96
68
90
75
81
73
78
98
88
116
106
87
98
112
111
106
87
111
113
136
139
152
155
162
169
235
284
410
804
3882
856
405
292
203
169
169
160
114
135
114
130
148
107
109
112
105
109
95
104
100
99
92
78
90
77
97
75
77
78
90
85
82
81
63
67
76
55
56
72
63
58
51
63
67
58
84
59
45
59
52
54
67
72
77
54
56
62
64
66
78
61
54
66
56
60
52
75
62
49
70
63
48
56
56
61
63
56
49
60
54
46
50
49
55
63
59
50
67
59
73
59
67
60
70
54
47
60
51
53
60
48
74
63
57
82
65
61
70
66
95
67
72
83
71
86
93
77
94
82
95
95
95
70
77
81
109
88
95
85
95
106
113
118
93
91
106
119
116
113
117
132
149
147
175
139
146
182
158
197
211
166
205
162
193
205
222
194
206
199
234
227
216
234
258
258
270
276
285
266
308
273
320
321
360
412
395
572
788
1327
