393
143
74
69
59
34
52
36
49
30
47
53
36
35
27
52
41
49
42
30
36
46
48
44
50
34
48
39
49
43
53
37
34
47
34
36
43
41
33
33
34
37
22
35
25
34
20
24
33
28
28
29
26
38
21
27
32
31
30
32
27
21
22
29
27
27
25
25
33
16
24
24
21
24
19
28
14
21
18
19
19
26
16
14
21
25
25
12
22
27
16
27
23
18
26
22
23
23
22
25
14
26
25
20
29
25
23
28
25
17
26
22
21
18
34
10
21
28
21
16
18
24
21
21
30
22
18
24
14
23
24
25
16
18
24
20
13
23
20
14
19
23
20
20
26
23
22
15
27
26
25
27
24
19
39
17
26
11
37
24
27
19
16
30
18
21
19
18
15
29
25
20
24
25
32
33
25
31
54
88
150
91
56
42
35
40
32
24
21
21
23
22
18
15
30
16
16
19
14
24
27
20
21
15
23
33
18
21
26
33
29
21
19
26
21
22
27
24
28
20
30
19
34
30
27
29
24
20
27
15
26
20
18
21
29
24
28
25
24
22
21
20
25
26
26
36
24
23
32
22
31
30
36
22
29
22
29
20
18
24
21
23
17
18
29
20
20
30
33
21
24
22
25
19
17
29
25
19
37
26
30
23
17
26
17
14
21
28
21
27
32
27
32
28
29
29
30
23
29
16
34
29
26
28
23
21
34
22
33
27
30
40
29
31
26
40
30
24
33
32
27
27
26
43
58
39
25
32
41
32
38
49
39
42
58
40
47
44
50
35
34
40
34
43
41
38
40
35
42
35
41
46
42
40
49
55
52
51
81
119
