2961
1333
973
879
778
775
758
708
755
727
745
835
688
723
798
752
729
781
816
783
787
815
759
767
802
758
738
763
809
748
740
704
705
744
688
708
744
700
687
681
643
624
571
551
541
540
481
505
542
500
452
457
509
492
448
503
483
458
508
453
487
463
419
421
405
428
447
386
416
403
386
390
385
376
403
516
382
370
360
347
359
334
327
346
296
328
338
314
343
336
348
348
343
362
320
357
332
320
359
301
295
308
313
336
330
325
336
309
324
345
351
327
296
298
314
350
315
318
304
305
328
360
311
333
362
309
344
351
282
325
317
298
272
275
321
277
296
275
296
262
341
287
286
305
286
291
255
284
277
301
298
286
296
292
281
279
252
259
307
276
289
248
280
285
291
246
272
268
256
282
278
266
308
304
344
317
346
356
440
641
1269
675
444
390
324
342
291
299
253
270
273
246
240
295
276
239
285
286
302
230
269
265
251
290
276
318
313
267
281
273
294
269
282
250
295
306
320
318
288
291
277
276
291
273
292
245
288
282
283
296
297
313
326
327
316
307
345
322
313
341
296
304
329
291
295
312
274
289
288
289
316
331
365
323
272
318
300
321
281
315
308
296
352
319
357
329
348
344
365
377
324
344
350
315
327
306
318
328
319
327
339
344
356
356
404
443
402
364
386
386
428
392
402
383
402
371
418
410
468
469
436
463
467
468
482
509
418
484
506
474
493
442
520
493
515
506
548
541
584
598
669
644
694
716
754
644
761
738
670
749
717
791
737
748
730
771
818
762
769
724
723
738
806
773
749
758
708
746
748
824
818
827
753
798
798
760
823
860
987
1317
