36183
24518
23038
22664
22398
22095
21884
22282
22169
22100
21952
21654
21491
21032
21135
21060
20423
19985
20332
19974
19964
19861
19473
19313
20086
19112
18699
18544
18415
18282
17874
17448
16810
16278
16274
15906
15543
15174
15213
14990
14821
14482
14387
14046
14034
14203
13572
13424
13280
13362
13175
13013
13033
12895
13390
13179
12833
12784
13454
13676
13299
13041
12726
12253
11870
11732
11573
11308
11017
10967
10736
10513
10266
10054
9804
10041
9868
9577
9229
9359
9137
9192
9070
9015
8898
8956
8927
8799
8933
9027
9024
9023
9005
8815
8616
8886
8987
9596
8896
8603
8309
8427
8237
8010
7813
7808
7873
7813
7781
7821
7625
7768
7460
7383
7454
7532
7427
8002
7988
7740
8033
9518
8125
7721
7448
7693
7418
7334
7147
6985
6956
7008
6917
6894
6949
7098
6870
6964
6961
6903
6989
6947
7242
7037
7377
7542
7792
7033
7061
7121
6839
7014
6926
6776
6972
7057
7301
7009
6875
6970
6893
6872
6827
6692
6843
6719
7010
6895
6941
6799
6791
6939
7132
7297
7454
7428
7708
8068
8557
9900
16236
9927
8509
7840
7670
7462
7536
7381
7307
7085
6991
6861
6923
7007
6900
6992
6818
6923
6972
6910
6953
7062
7042
6914
7294
7127
7072
6922
6957
7014
6973
7062
7104
7106
7719
7474
7200
7054
7087
7190
7145
6965
7131
6988
7063
7065
6932
6992
6837
6935
7052
7003
7206
7390
7370
7461
7478
7817
8230
9420
8277
8043
8147
7994
7589
7564
7382
7267
7550
7766
7830
7831
8021
7869
7773
7930
7823
7923
8063
8370
8382
8700
9059
9809
9103
8767
8850
8915
9033
8783
9160
8828
8896
8857
8754
8844
9209
9138
8966
9031
9159
9245
9391
9537
9925
9901
9884
10155
10120
10279
10792
10948
10979
11218
11140
11692
12024
12352
12525
13002
13457
13712
13290
12991
12909
13045
13351
12844
12888
13194
12892
13415
13544
13147
13571
13841
13748
13980
14090
14343
14568
14664
14990
15284
15717
16028
16064
16546
16756
17353
17928
18271
18355
18343
18668
19063
20033
19267
19487
19974
19971
19879
19853
20462
20451
20941
21204
21322
21477
21951
22204
22299
22270
22099
22075
22241
22347
22453
22945
24521
