64264
14042
8684
7585
6970
6613
6470
6624
6441
6776
6517
6415
6571
6520
6248
6430
6223
6171
6125
6097
5769
5771
5458
5576
5523
5520
5452
5279
5244
5197
5102
4789
4846
4943
4719
4649
4707
4612
4496
4453
4391
4329
4084
4074
3905
3907
3954
3954
3783
3786
3617
3563
3674
3700
3591
3674
3521
3533
3502
3559
3535
3491
3358
3345
3406
3331
3300
3207
3245
3178
3105
3183
3027
3070
3046
3144
2859
2780
2954
2874
2894
2769
2821
2882
2793
2831
2846
2826
2690
2825
2811
2773
2851
2766
2785
2748
2834
2739
2753
2675
2650
2651
2631
2684
2625
2640
2529
2663
2642
2650
2621
2605
2703
2562
2649
2548
2535
2697
2739
2883
2906
2868
2835
2783
2848
2809
2711
2673
2627
2725
2544
2627
2588
2542
2619
2530
2576
2589
2776
2684
2709
2741
2768
2758
2658
2672
2800
2807
2784
2767
2812
2909
2855
2777
2920
3110
2864
2841
3018
2974
2965
3084
3212
3049
3135
2927
3038
3226
2940
3051
2867
3027
3041
3128
3103
3424
3525
4143
5000
8637
37323
8347
5011
4012
3524
3264
3242
3075
3110
3024
3111
3011
3113
3109
3030
2952
3031
3152
3106
3260
3075
3159
2872
2940
2842
3099
2994
2818
2902
2910
2722
2779
2690
2853
2716
2724
2709
2707
2658
2658
2617
2725
2609
2624
2657
2530
2586
2618
2547
2653
2643
2570
2616
2613
2783
2790
2689
2797
2755
2919
2862
2758
2801
2699
2629
2519
2600
2633
2614
2662
2664
2722
2579
2638
2622
2619
2611
2661
2633
2438
2638
2797
2731
2837
2769
2813
2824
2759
2833
2799
2771
2817
2825
2732
2790
2807
2826
2726
2799
2836
2734
2837
2861
2858
2904
3177
3002
3101
3127
3275
3167
3243
3295
3229
3357
3493
3272
3332
3376
3367
3487
3577
3613
3492
3620
3727
3691
3679
3659
3668
3690
3699
3781
3849
3909
3942
3930
4056
4209
4275
4287
4397
4494
4550
4773
4614
4665
4851
4821
4915
5053
5321
5272
5193
5256
5606
5401
5504
5582
5566
5891
6048
6168
6090
6205
6239
6344
6615
6519
6517
6776
6751
6775
6641
6622
6890
7056
7505
8872
14235
