888
240
169
146
117
101
109
118
115
105
122
107
130
114
109
90
96
98
92
86
87
101
100
120
102
92
93
93
104
115
100
104
114
91
87
91
102
84
99
86
86
97
79
64
65
81
57
69
82
75
73
52
75
69
67
73
56
69
69
59
75
60
51
59
72
73
72
54
51
64
62
61
43
58
49
72
48
47
51
42
54
59
48
46
50
44
53
56
50
62
45
59
52
48
53
77
52
63
41
68
45
49
61
55
50
53
58
48
63
53
54
53
54
45
39
58
47
54
59
81
71
90
76
73
66
77
62
67
57
34
52
32
42
59
52
45
55
50
46
52
48
49
62
55
64
50
57
61
56
62
57
56
49
55
51
51
56
48
31
37
52
57
44
61
44
52
55
57
52
46
59
44
58
62
46
58
58
75
89
146
476
138
101
83
73
71
46
58
55
50
46
57
47
53
44
43
60
40
53
59
57
48
53
40
55
47
49
58
57
63
48
53
56
54
54
51
71
53
65
49
35
49
44
50
34
54
43
52
42
44
48
46
60
59
52
51
62
65
71
95
75
67
73
57
48
51
49
54
43
57
57
45
47
56
42
50
53
50
52
45
43
47
67
62
51
48
60
57
74
55
67
54
43
48
58
43
59
55
47
59
47
49
55
50
53
67
70
60
80
66
54
47
54
60
58
75
57
60
63
67
70
57
69
81
68
61
64
70
62
62
79
78
85
56
80
62
80
63
73
112
91
83
95
97
87
77
80
106
108
99
78
105
112
95
102
99
93
95
85
91
111
95
100
84
81
119
108
128
101
125
96
113
121
124
115
108
112
132
143
259
