46156
9914
5902
4534
4059
3778
3605
3501
3521
3411
3426
3357
3246
3313
3109
2925
2842
2903
2801
2863
2686
2712
2639
2476
2460
2454
2371
2382
2453
2404
2203
2183
2279
2125
2101
2149
2070
2041
1946
1866
1910
1829
1952
1838
1767
1680
1743
1581
1594
1546
1594
1550
1436
1526
1494
1432
1481
1429
1429
1435
1418
1368
1410
1354
1423
1330
1374
1286
1276
1268
1247
1247
1204
1197
1192
1280
1239
1100
1146
1096
1074
1099
1053
1115
1069
1099
1024
1030
962
1062
1047
1029
1067
1075
1069
984
1110
1069
1019
1036
985
969
952
950
1002
1032
940
899
946
979
1050
991
969
999
1010
942
1012
989
1060
1099
1086
1170
1128
1047
998
987
1046
946
1071
1002
1003
941
969
992
974
999
1006
962
1072
1049
1032
978
1047
1101
1089
1080
1056
1065
1088
1122
1095
1128
1150
1235
1151
1219
1196
1124
1267
1298
1327
1307
1315
1345
1293
1323
1369
1368
1464
1423
1456
1494
1512
1553
1689
1737
2028
2372
3128
5884
27293
5840
3268
2422
1973
1812
1666
1602
1431
1541
1457
1417
1427
1383
1398
1367
1324
1331
1370
1388
1279
1242
1197
1214
1181
1116
1157
1204
1114
1193
1128
1067
1096
1042
1163
1024
1094
1061
1073
1027
990
1064
1020
1021
1000
974
994
996
958
950
926
961
1034
988
1060
1050
1003
1010
991
1188
1145
1001
1003
1048
973
932
959
949
973
999
959
1005
1014
1005
952
1023
921
978
899
991
967
984
1088
941
1055
1058
1046
1067
1031
1092
1048
1063
1051
1019
1039
970
1036
1037
1076
1130
1099
1057
1103
1134
1074
1345
1201
1221
1235
1219
1214
1238
1290
1330
1262
1327
1344
1367
1383
1438
1444
1470
1418
1386
1481
1457
1466
1475
1492
1545
1548
1567
1612
1637
1612
1628
1817
1795
1900
1777
1980
1850
1952
2063
2052
2175
2205
2240
2181
2312
2393
2271
2386
2443
2495
2476
2569
2565
2495
2684
2753
2760
2790
2794
2962
2965
3086
3299
3310
3264
3393
3415
3509
3507
3711
3866
3991
4552
5885
10062
