2839
370
161
126
95
90
71
68
67
65
64
82
38
55
51
41
52
46
48
45
44
48
45
59
43
34
47
41
49
39
37
39
35
35
23
34
41
38
32
28
27
31
33
28
24
32
29
25
33
24
25
24
22
20
22
17
25
18
18
16
30
26
16
21
17
13
30
24
19
18
18
23
26
20
16
21
19
16
29
11
21
22
13
10
12
19
15
19
15
12
30
14
19
21
19
24
19
19
25
20
20
14
18
21
23
22
13
15
11
20
20
17
18
17
11
17
18
19
13
23
25
14
18
25
10
15
19
13
18
22
22
26
15
17
23
20
16
26
25
20
20
27
28
21
21
23
13
20
32
24
24
26
29
19
31
30
34
32
31
24
30
24
29
24
34
26
26
30
23
26
23
36
32
51
30
40
69
74
118
243
2326
290
110
81
52
42
47
39
40
27
20
32
32
32
39
25
24
36
35
28
24
35
27
38
31
28
29
21
27
26
23
27
25
29
31
17
21
21
27
22
32
20
21
20
22
25
22
22
17
16
18
29
24
27
19
25
18
20
26
28
18
29
25
18
13
20
18
21
13
15
21
26
17
23
19
20
22
14
21
19
18
25
19
24
23
28
17
22
20
15
21
21
14
26
14
17
15
15
18
19
13
15
10
20
24
19
17
24
24
24
17
17
23
21
16
23
29
18
26
23
14
32
33
17
16
22
26
18
27
29
32
28
22
33
25
20
22
35
31
24
28
32
34
34
40
36
26
32
31
30
42
44
50
49
58
41
50
37
41
53
48
50
50
49
40
56
69
59
60
51
64
57
70
70
74
69
103
92
182
385
