93
55
61
48
69
66
73
60
53
63
44
52
52
63
60
39
53
60
49
35
50
40
47
49
39
58
54
45
37
46
43
55
49
51
58
42
45
54
54
50
45
42
57
48
55
45
43
50
58
61
54
76
46
61
67
61
71
62
58
71
58
40
51
52
63
38
52
46
53
43
57
50
51
48
32
48
46
43
38
39
30
34
30
34
32
26
47
34
38
31
34
33
34
37
38
29
41
29
35
30
33
27
27
28
31
31
32
41
32
41
26
26
35
29
26
27
29
32
35
25
36
21
23
30
35
22
37
20
29
27
26
45
21
26
25
33
23
27
28
32
30
38
36
33
19
21
25
19
24
19
25
27
33
30
22
26
28
35
36
39
34
30
35
23
30
28
29
33
37
29
31
38
54
46
38
36
29
40
36
39
45
47
61
53
45
40
42
40
31
55
35
27
32
30
41
26
32
33
29
27
20
30
33
25
24
26
24
30
24
25
23
34
31
33
23
28
31
27
27
29
34
30
28
25
33
23
26
27
33
29
25
21
28
43
30
39
33
37
31
30
43
37
28
21
28
19
24
31
31
32
37
34
33
36
25
25
41
29
42
28
29
23
29
42
31
29
38
30
32
52
34
32
33
37
53
30
40
33
30
33
34
38
39
56
43
48
44
43
48
45
47
45
40
54
47
56
63
58
52
59
60
73
66
57
65
59
44
77
56
66
53
50
55
58
52
60
47
55
63
59
45
53
55
49
62
66
53
54
45
45
51
53
45
61
49
63
59
48
45
40
42
53
43
49
56
55
60
66
63
41
54
47
54
54
60
64
65
58
64
64
