522
214
117
67
41
52
37
39
44
31
29
24
23
23
26
20
18
17
20
21
21
19
16
11
24
16
12
22
15
22
28
26
16
28
15
21
16
14
16
16
15
9
13
13
13
11
10
8
15
6
5
11
9
17
9
14
16
10
14
7
10
11
19
5
10
7
10
17
9
10
16
10
13
15
5
14
6
11
9
13
7
9
6
8
5
10
7
6
5
8
9
7
8
5
7
4
13
6
6
9
7
7
2
5
8
6
14
12
8
7
12
20
11
8
5
10
5
8
14
16
11
21
15
11
16
12
19
12
12
11
9
15
16
14
9
13
11
14
10
15
14
11
21
13
21
13
18
14
20
31
15
20
16
17
12
11
18
21
20
26
15
23
32
25
13
11
12
21
19
18
23
34
30
30
48
39
61
100
128
261
655
260
119
97
61
44
43
42
37
39
22
26
22
22
17
13
17
26
22
26
29
22
21
18
16
17
14
9
26
23
13
19
14
16
23
7
21
10
19
12
8
19
14
17
11
7
11
19
13
11
22
16
11
9
14
11
21
15
15
9
16
12
15
12
8
9
7
11
11
9
9
6
8
13
9
5
13
9
6
15
4
2
8
11
5
8
14
10
11
6
9
6
7
8
9
4
9
8
5
10
7
9
6
7
6
9
7
13
9
7
11
11
8
13
9
11
13
11
14
10
11
7
14
11
14
12
10
6
4
11
8
9
14
8
15
13
11
12
15
10
15
23
22
9
20
17
26
24
22
24
20
18
16
15
16
16
17
17
16
14
20
23
12
28
23
25
25
21
20
22
30
38
40
24
50
51
58
72
99
222
