378
208
96
76
82
66
63
64
49
43
54
43
60
46
41
32
32
31
41
26
30
38
39
47
35
44
39
45
37
46
36
47
40
33
38
47
39
36
33
35
52
41
39
39
25
39
38
37
35
24
47
34
27
42
32
26
38
32
31
37
44
41
35
30
35
40
25
26
24
34
38
29
31
38
30
43
30
33
26
26
35
32
40
28
30
39
19
30
32
17
30
27
26
30
32
22
37
30
28
23
30
33
28
23
42
27
33
32
40
36
38
35
43
38
46
32
49
35
43
42
66
77
70
54
54
34
40
37
40
48
31
44
36
45
45
35
41
46
44
43
50
31
39
31
38
53
50
43
42
45
45
49
50
62
45
51
60
42
46
35
40
53
33
47
61
61
61
82
72
82
93
110
123
112
111
131
149
141
192
251
459
240
179
157
124
127
128
115
107
76
71
54
85
61
61
52
69
53
44
46
38
46
54
55
48
49
63
50
55
49
41
47
33
47
51
38
36
51
40
48
44
54
47
38
43
50
32
45
32
47
31
33
31
35
30
42
56
48
71
68
73
50
34
33
30
35
37
46
49
38
30
32
41
42
41
39
21
36
28
26
33
33
30
31
32
31
32
24
25
23
26
26
22
31
43
40
26
24
31
24
42
28
34
35
33
43
25
43
27
25
37
39
27
31
33
34
50
33
40
43
45
30
47
48
46
27
43
40
32
39
33
36
35
37
29
32
33
28
26
47
37
32
38
46
38
36
50
34
46
40
45
60
37
42
32
41
32
45
32
35
30
31
25
30
39
33
54
36
69
53
56
47
61
59
73
61
76
72
114
191
