778
273
181
124
116
111
100
93
61
69
62
50
50
42
45
35
21
35
20
23
29
30
28
28
28
33
30
18
33
16
29
19
22
30
31
32
30
30
23
27
24
22
15
24
17
13
22
36
25
22
20
24
9
21
18
16
11
19
24
16
19
26
28
17
14
25
18
14
11
15
15
13
6
16
10
21
19
16
14
9
13
28
18
14
22
14
25
22
21
17
33
15
18
13
13
21
13
11
13
11
17
13
17
15
16
13
14
11
14
9
15
12
17
8
17
19
16
42
27
24
45
33
28
19
39
22
20
13
19
16
20
20
10
15
17
16
17
20
18
17
14
17
25
20
21
21
26
22
26
33
11
24
28
25
33
23
25
28
21
32
20
40
28
40
51
45
51
59
73
57
63
81
92
97
131
172
215
251
429
672
1261
646
438
280
212
144
125
93
73
102
71
52
68
79
57
48
54
52
44
27
29
39
24
29
24
27
32
45
23
20
17
15
15
9
19
19
24
20
21
9
19
21
19
11
19
18
13
15
12
24
16
20
27
17
22
22
23
24
24
43
61
30
39
18
19
11
16
15
14
15
16
19
15
17
20
16
19
11
17
12
17
14
20
13
12
17
18
10
11
17
15
13
14
18
17
17
17
10
10
16
9
20
16
22
15
30
21
8
17
9
16
14
19
17
17
18
11
18
23
31
19
12
12
35
13
23
23
17
18
37
18
17
22
41
16
22
14
13
21
20
26
18
23
37
25
39
39
41
38
19
20
22
20
28
18
17
22
19
23
28
20
25
28
23
33
20
24
53
39
39
68
62
74
90
114
96
111
140
190
292
