993
383
248
187
151
159
134
124
89
107
84
70
80
65
69
50
35
59
39
37
42
49
51
48
35
45
47
43
46
28
46
38
46
50
49
56
50
46
33
50
37
39
21
29
25
23
31
47
32
30
29
31
21
31
26
27
17
32
34
23
28
36
37
32
35
40
29
30
24
24
23
24
16
23
21
30
25
24
21
19
24
33
24
20
29
22
33
33
35
32
46
24
35
22
27
36
25
27
20
19
25
20
27
20
25
23
23
18
22
14
25
21
32
16
23
35
22
49
40
38
61
43
40
33
48
25
24
27
26
23
24
26
16
29
25
25
20
26
22
30
19
24
39
30
33
28
41
30
36
41
19
33
40
37
47
37
31
40
36
45
36
61
56
53
74
73
81
82
96
79
87
124
132
134
175
208
261
323
521
820
1542
797
522
372
264
194
171
138
117
136
99
78
88
96
82
62
74
73
69
49
53
52
32
45
36
42
42
56
38
35
31
26
27
16
38
24
31
29
31
20
24
31
30
28
27
28
22
24
19
33
20
28
34
34
31
31
37
38
35
53
80
43
54
29
32
26
25
21
18
29
23
25
26
23
31
31
23
17
28
18
23
27
34
27
28
36
35
28
23
31
26
20
26
25
23
25
25
17
17
27
16
34
25
29
19
38
30
12
24
15
24
29
29
24
31
23
20
32
33
46
32
24
28
46
22
30
27
25
30
48
26
26
31
51
24
26
26
20
32
33
37
37
43
54
52
67
56
58
62
35
37
39
32
55
33
35
35
37
35
42
32
35
48
44
50
30
56
71
66
69
88
87
98
120
151
147
160
193
259
394
