47
23
12
9
4
8
15
5
7
6
8
7
7
5
6
12
7
4
11
8
7
8
7
9
9
5
9
10
14
16
9
13
10
14
8
5
15
12
9
8
10
14
14
3
16
13
12
14
10
9
12
14
7
12
17
14
22
13
17
8
16
9
16
12
13
13
19
12
8
9
11
15
9
15
16
7
7
10
5
3
7
4
6
4
7
9
7
6
9
10
4
8
4
5
6
9
7
5
6
3
3
5
5
4
4
4
7
5
5
3
8
5
5
6
4
5
8
6
5
9
8
7
6
10
7
2
4
2
1
6
6
6
6
6
5
5
5
3
5
6
5
8
3
0
5
4
3
2
6
5
5
8
7
8
8
1
7
10
3
6
6
6
10
7
6
9
11
19
9
19
16
19
18
15
17
20
19
17
19
27
47
20
9
10
10
16
12
8
6
10
11
11
6
10
5
8
3
6
8
7
1
3
2
5
7
6
1
6
5
4
3
10
7
3
8
2
2
3
2
5
1
8
8
4
9
3
3
3
5
4
4
2
6
2
3
4
9
9
2
6
9
10
6
5
4
9
3
5
7
3
3
4
2
4
3
2
7
7
6
9
6
2
3
2
5
12
6
7
5
6
6
5
4
7
10
4
7
4
3
5
4
10
9
3
6
4
10
12
3
9
11
7
12
15
9
7
14
9
6
13
14
11
17
17
9
14
13
4
8
13
10
12
13
10
11
8
14
4
11
6
9
12
8
10
9
9
8
6
7
10
9
11
6
5
5
6
11
6
11
7
9
7
4
8
12
5
6
10
6
7
7
5
3
12
13
4
8
13
14
17
