3081
1383
856
749
571
567
523
503
462
434
432
406
405
381
355
376
379
328
347
364
373
342
372
363
379
395
410
421
428
464
427
399
424
475
541
531
870
1406
1636
1079
716
760
612
486
484
571
568
635
613
625
657
713
772
959
963
1024
1114
1265
1355
1470
1559
1622
1652
1598
1613
1641
1536
1502
1289
1191
1147
996
1041
877
913
2057
948
736
679
636
571
560
496
573
495
502
469
499
491
498
499
486
444
514
505
420
415
375
471
464
409
404
389
402
338
344
327
285
340
362
359
344
322
299
306
337
410
526
793
1003
804
663
601
692
559
496
613
472
426
367
341
366
305
361
334
362
346
290
287
363
328
367
383
351
370
355
391
402
414
401
398
441
412
431
446
494
546
528
550
585
619
627
633
690
669
761
802
867
898
961
1047
1145
1219
1299
1543
1686
1788
1944
2158
2628
3558
2668
2172
1951
1821
1651
1566
1405
1203
1117
1090
931
893
840
827
760
710
698
646
656
638
627
592
541
525
502
452
458
448
436
476
472
390
402
385
362
361
329
356
353
343
344
340
349
330
328
326
323
330
353
345
367
384
471
588
544
566
686
617
600
727
1102
783
512
458
315
360
308
319
315
310
290
328
339
315
318
364
419
371
383
425
366
482
426
383
455
461
478
440
453
484
418
427
453
474
482
517
512
525
557
543
658
653
731
976
2189
921
930
1023
1012
1125
1148
1373
1507
1591
1547
1621
1647
1680
1640
1566
1591
1325
1199
1088
983
932
856
777
770
740
683
595
601
521
513
516
554
597
743
737
1112
1650
1304
875
586
535
537
499
465
435
482
459
412
419
418
395
373
388
403
411
406
332
352
376
345
376
394
385
351
426
432
434
470
467
482
605
740
889
1386
