117
90
67
36
30
29
13
7
4
15
5
11
6
9
6
3
1
3
6
3
5
4
4
4
3
4
4
5
5
7
1
2
8
3
4
4
8
5
3
7
9
4
3
4
3
1
4
6
2
7
7
2
11
8
7
6
6
5
4
7
2
9
5
4
4
8
3
6
4
1
1
8
9
7
7
7
9
3
4
5
8
6
7
5
9
3
6
4
3
6
6
6
6
6
6
2
3
3
7
10
6
6
5
6
4
3
7
5
9
4
5
5
7
1
5
4
7
12
6
12
8
7
3
5
9
8
5
3
3
5
4
17
5
9
4
9
7
9
1
5
3
6
5
8
8
3
3
3
4
5
3
8
4
2
4
1
7
8
4
11
6
6
10
6
6
16
8
5
9
12
4
8
9
8
10
18
19
46
49
67
75
80
54
36
24
17
16
6
8
12
7
7
10
2
7
11
3
4
7
7
5
2
3
1
5
5
4
4
8
4
1
1
3
7
5
6
4
2
2
1
4
5
6
4
4
7
5
5
3
1
2
3
3
7
8
5
6
4
7
6
12
6
10
11
5
11
8
2
16
3
4
3
6
4
4
6
4
2
10
2
8
4
5
4
6
4
6
5
3
8
4
5
8
2
6
6
10
8
5
9
1
7
9
11
5
11
4
10
9
3
1
10
5
6
8
5
11
12
9
7
6
4
13
10
6
3
12
9
9
10
9
6
7
1
11
7
6
4
5
11
8
6
8
8
3
3
5
6
12
9
3
4
4
3
8
10
4
1
3
4
3
4
5
5
3
5
12
5
9
8
10
8
10
11
15
17
17
33
53
67
