94
65
23
29
29
30
23
16
20
13
16
20
14
15
7
20
15
10
14
10
11
12
9
7
8
8
9
13
4
10
12
5
7
4
4
7
33
22
9
11
43
48
8
3
9
7
6
13
10
5
1
7
8
7
6
7
15
15
6
12
16
12
8
9
13
3
4
7
5
2
4
6
5
6
6
13
13
13
8
8
8
9
5
9
7
4
6
5
2
5
6
9
3
3
6
8
8
8
8
4
7
11
7
7
3
10
6
8
7
7
7
7
3
12
5
8
10
23
21
24
17
18
10
7
6
8
8
10
13
9
7
2
6
4
5
7
9
6
5
13
3
2
8
2
1
2
8
5
8
2
3
5
7
2
4
1
6
0
6
0
1
6
4
2
3
2
2
4
5
4
12
6
7
18
11
21
25
39
31
70
165
65
39
49
25
20
14
13
9
6
14
6
8
4
5
4
11
4
5
3
3
7
7
3
4
3
4
4
4
4
7
4
3
3
11
3
5
4
6
6
6
18
10
6
11
1
5
6
7
1
0
4
6
3
3
10
3
8
26
9
14
12
19
13
8
12
1
2
6
5
7
8
4
8
3
10
14
6
7
3
4
6
10
6
5
1
7
4
9
3
0
4
4
5
7
5
5
11
6
7
9
8
6
6
7
6
7
4
6
6
5
1
5
10
3
10
4
3
9
2
10
3
8
4
11
4
8
6
6
5
6
3
4
11
8
6
7
10
6
33
15
15
10
23
36
15
11
8
8
9
12
9
10
10
9
8
9
16
13
8
10
16
13
7
13
15
14
11
12
15
13
15
14
21
29
25
34
23
27
55
