121
60
45
30
22
19
14
8
17
4
9
10
12
16
10
11
9
4
13
10
5
14
10
10
16
17
8
15
12
6
7
13
10
4
6
6
4
6
5
6
7
8
4
3
6
5
4
3
4
8
2
3
7
8
6
8
7
15
4
4
7
7
8
10
8
7
10
13
18
9
12
10
10
15
6
15
6
11
11
6
8
2
6
6
7
7
13
11
7
13
14
3
6
9
7
4
7
12
8
8
10
5
9
13
14
16
8
7
15
7
11
9
6
10
5
25
14
3
10
15
14
7
16
20
26
9
18
10
10
8
6
10
14
11
9
10
8
9
5
16
8
6
15
14
13
7
6
17
10
13
7
11
14
7
4
16
19
12
13
11
13
18
17
15
11
17
25
17
17
22
16
19
21
28
22
25
51
37
64
43
54
59
56
34
36
22
22
29
22
18
26
26
20
17
21
21
13
17
17
7
6
15
5
12
21
3
13
12
7
11
8
15
14
20
13
18
28
20
17
16
8
13
18
19
7
9
10
8
6
7
12
14
11
9
15
13
19
21
12
18
14
10
8
7
7
13
22
11
9
7
9
8
13
9
10
13
11
15
9
9
13
12
5
5
6
5
5
7
3
5
10
14
5
8
8
4
4
7
9
8
9
5
10
5
9
15
11
8
8
4
14
6
10
11
6
12
11
9
15
12
8
11
5
7
11
19
6
12
8
4
2
3
3
3
5
7
14
14
14
2
6
4
5
2
5
11
3
6
8
13
5
10
6
20
10
13
7
13
11
14
11
5
4
8
3
7
3
7
12
6
11
11
13
10
10
18
21
24
44
54
