17
10
5
10
8
1
5
3
6
5
1
3
3
1
0
2
0
2
1
0
2
1
2
2
0
2
2
0
0
3
0
2
2
0
6
12
6
5
1
3
3
1
0
1
0
1
0
0
0
0
0
1
0
0
0
0
4
0
6
1
0
1
2
4
0
4
5
2
2
4
9
4
8
1
1
2
2
4
3
1
0
1
2
2
2
0
0
0
0
0
0
2
0
0
0
5
2
1
1
5
3
6
2
0
4
3
6
8
4
7
3
4
3
1
2
0
3
8
6
7
2
2
2
2
5
3
1
3
1
2
4
2
3
3
0
0
0
1
0
1
1
3
4
2
2
2
6
2
6
4
1
2
4
3
1
1
4
1
4
2
1
2
2
3
1
2
0
0
2
4
2
1
2
6
2
10
10
10
10
19
26
21
7
10
6
2
9
4
5
5
4
3
2
0
1
0
1
1
2
2
0
5
0
6
3
1
5
5
2
2
2
2
1
4
6
2
2
2
1
5
0
1
1
1
1
1
1
6
1
0
0
1
5
0
4
1
7
1
6
2
8
1
7
6
4
1
5
1
6
3
4
7
3
7
1
4
8
4
3
8
2
1
2
2
1
4
2
4
0
2
1
0
3
0
0
2
2
4
1
1
1
2
3
1
2
0
5
1
9
2
5
5
2
0
3
3
1
3
3
1
1
2
2
0
1
0
0
2
2
0
0
1
1
0
2
0
1
2
1
3
6
4
3
4
8
9
1
3
0
0
2
1
3
0
1
3
3
2
1
1
1
1
2
3
4
1
1
3
3
3
4
3
4
2
5
3
4
3
5
14
