28
35
40
25
24
31
28
24
26
31
27
22
22
28
26
23
34
30
24
22
27
21
29
24
26
23
25
19
21
22
29
29
24
22
23
20
17
20
25
24
17
24
14
23
25
27
26
20
21
14
32
17
19
29
16
22
22
18
18
26
15
15
23
14
15
17
22
19
16
19
23
21
25
18
22
14
27
19
27
23
16
13
24
19
23
23
14
11
12
12
10
19
16
15
17
16
18
24
22
19
23
24
15
15
21
12
20
25
17
18
16
26
13
26
19
14
20
13
19
27
18
25
12
19
13
13
20
17
23
22
20
11
21
18
18
17
21
22
16
20
14
19
17
27
20
21
25
13
14
18
10
12
14
8
15
13
13
19
18
19
15
15
20
25
10
14
18
13
21
18
16
23
20
18
14
23
13
25
21
18
23
24
18
21
15
15
17
25
12
16
22
20
23
12
19
16
11
17
18
11
15
12
15
18
18
15
15
19
14
16
16
14
12
17
20
16
18
10
18
17
17
16
12
17
12
24
26
18
14
16
23
14
17
19
20
9
15
17
15
13
23
29
18
17
17
19
18
11
20
12
18
19
22
13
22
23
19
15
22
18
24
19
20
31
18
19
15
22
23
18
16
15
17
15
20
14
14
21
24
15
22
18
18
21
26
21
22
18
17
22
32
22
17
17
16
34
22
26
27
18
22
16
24
29
21
23
20
23
25
17
21
21
23
18
23
17
16
24
26
20
25
17
26
25
24
20
25
24
29
20
27
33
21
28
38
21
31
21
22
19
23
25
18
18
20
25
21
24
28
23
20
21
26
20
23
35
28
28
19
32
