16
7
6
5
9
3
7
3
5
3
10
14
4
3
7
3
7
6
7
6
3
7
5
1
7
7
7
8
10
10
8
13
6
5
5
5
5
5
15
7
9
7
10
5
3
9
5
11
3
11
7
4
6
2
4
7
14
12
9
5
10
10
14
8
11
22
16
21
12
12
20
9
13
12
5
58
19
10
11
14
18
11
13
10
9
10
13
13
15
18
11
6
11
22
7
18
11
11
7
10
12
13
7
11
8
11
12
11
14
13
14
15
9
14
13
15
9
18
22
10
16
11
19
15
13
12
6
13
7
5
12
10
13
7
8
11
12
11
12
7
9
9
20
7
10
9
10
11
7
9
9
7
15
19
19
22
14
39
12
7
9
3
7
6
3
2
3
8
4
10
6
11
7
2
7
8
11
5
7
9
19
9
5
12
6
13
10
7
8
6
6
3
3
4
2
2
7
11
5
6
8
8
13
9
13
9
9
13
12
7
18
9
9
12
4
11
10
7
4
3
11
12
20
11
3
7
9
7
12
11
7
11
12
12
18
11
19
12
12
12
18
16
13
15
13
12
8
15
14
11
8
8
13
13
17
20
13
12
14
14
15
12
13
10
12
9
8
11
16
14
12
6
13
14
22
10
7
13
13
11
10
13
14
15
18
47
11
19
11
7
11
8
10
12
30
12
9
14
9
8
12
8
4
7
7
9
6
8
7
5
13
8
10
5
10
7
14
13
11
10
16
12
9
13
9
5
6
5
4
10
6
7
6
6
6
8
13
12
2
3
5
4
7
5
3
7
3
6
1
2
4
4
4
5
2
8
6
9
8
9
