203
81
35
24
23
33
23
24
29
19
22
23
19
19
22
17
21
12
16
15
13
14
12
21
11
9
7
7
18
16
10
12
10
13
10
18
16
38
16
17
45
74
16
7
11
11
8
13
15
11
19
27
21
16
19
41
13
17
19
14
16
18
22
19
25
18
15
11
16
21
22
19
18
22
15
31
30
27
23
30
19
28
25
35
33
24
31
34
43
37
29
34
30
29
24
30
40
24
45
32
32
46
39
47
47
37
47
40
42
45
44
48
30
37
29
41
39
41
47
41
60
40
39
37
24
28
30
22
23
20
23
29
28
22
19
13
17
18
17
19
12
14
16
18
15
11
14
14
9
13
17
15
11
7
13
15
8
7
14
9
13
11
9
9
12
14
16
18
13
16
18
16
10
19
21
19
22
31
42
44
96
55
43
29
26
24
14
17
16
19
15
15
17
22
15
14
13
11
13
19
15
15
11
16
11
20
13
16
12
12
12
19
9
18
14
16
10
20
10
14
15
13
17
13
21
23
24
17
24
21
16
23
25
30
41
22
38
49
52
57
44
67
50
37
45
28
35
45
44
44
37
48
42
36
38
42
45
47
31
35
38
38
37
31
30
31
39
45
21
38
41
35
36
27
27
34
35
37
33
19
29
24
29
36
21
41
23
23
19
17
20
14
19
16
35
19
21
15
23
20
34
31
23
23
19
33
20
16
21
24
15
18
10
10
15
8
10
6
16
77
27
18
15
42
14
11
9
12
10
7
12
18
12
12
10
14
13
15
12
10
13
16
9
13
21
9
15
17
24
15
17
21
15
24
14
18
41
50
61
74
