208
89
62
30
26
19
25
26
21
37
32
21
17
33
35
29
21
22
22
19
20
23
34
35
29
24
19
13
29
18
22
20
33
30
23
34
34
67
118
57
222
69
55
203
68
66
41
29
34
42
27
22
33
33
42
24
26
32
32
25
30
24
27
23
32
17
33
21
30
25
30
29
29
20
21
17
16
21
15
15
24
21
23
29
29
22
30
19
20
22
13
26
24
17
24
16
26
23
15
16
30
26
14
17
16
22
21
18
24
22
14
15
40
30
22
50
28
24
27
31
34
35
26
31
23
24
36
22
19
24
11
16
29
29
12
21
18
27
27
30
30
20
17
24
23
18
30
26
33
30
15
30
26
29
40
35
37
32
27
33
41
35
39
29
28
36
41
38
51
68
95
128
166
213
249
293
331
434
534
733
849
737
589
383
364
306
243
224
182
133
86
68
52
50
28
38
45
23
25
38
32
38
30
36
19
32
26
31
36
18
27
26
24
20
17
24
16
24
22
26
22
19
16
16
23
17
21
14
20
15
20
21
19
23
15
23
24
31
29
34
29
30
16
19
16
28
15
18
13
18
11
13
22
15
17
17
23
17
20
20
21
15
17
26
23
19
17
19
26
17
18
25
14
13
19
23
24
20
22
17
18
11
26
20
20
9
23
28
28
29
21
33
31
23
29
37
14
17
33
32
26
32
42
37
37
37
49
36
36
21
28
29
28
32
45
73
109
221
61
76
249
57
112
81
37
32
23
24
40
19
34
40
34
29
16
36
22
32
25
22
27
21
26
28
24
29
16
30
27
31
37
26
33
38
29
27
43
28
61
107
