1955
970
620
479
416
368
298
292
284
233
240
248
240
217
189
214
214
211
216
198
230
196
213
183
194
196
191
222
176
198
222
235
225
322
243
257
562
287
215
264
270
275
181
171
155
187
173
205
198
172
184
161
162
169
170
154
193
156
156
157
182
197
171
174
176
165
174
172
161
194
186
180
184
197
188
354
219
178
169
172
170
165
197
169
194
196
178
180
163
195
198
193
202
210
234
224
195
227
189
214
225
202
198
196
204
191
212
190
202
222
209
208
188
179
188
191
209
267
268
301
350
273
258
227
204
203
235
205
217
204
185
183
190
162
144
174
191
187
154
192
167
151
162
153
183
160
188
170
182
161
184
154
182
144
180
201
207
202
213
227
214
196
225
221
186
184
203
199
196
176
215
174
212
243
231
287
332
425
521
829
1753
864
564
459
308
299
249
233
231
212
196
218
202
201
203
179
197
216
173
221
186
202
196
185
203
190
179
178
203
227
196
191
189
194
212
184
198
153
174
184
166
185
149
162
176
154
163
154
174
155
174
179
199
184
222
190
202
201
240
280
353
317
319
224
199
173
168
160
202
205
224
253
224
172
184
187
219
207
189
181
172
204
209
229
237
195
235
194
203
196
190
183
176
174
179
184
160
175
162
161
165
179
175
145
190
352
208
145
179
158
196
166
176
177
199
187
187
174
189
190
191
186
213
183
184
142
165
171
144
189
176
148
191
185
166
167
179
179
182
319
302
317
255
282
642
274
259
243
233
241
230
229
235
217
223
202
226
217
255
239
248
233
218
244
230
224
229
239
250
239
236
225
254
312
303
354
438
441
569
1044
