307
191
91
79
56
42
37
42
48
34
17
17
13
10
24
16
11
13
9
10
12
8
11
6
2
7
6
10
6
13
8
11
15
12
14
10
15
9
8
9
13
11
6
6
11
14
9
8
6
8
6
6
4
4
1
2
6
5
2
5
12
10
5
5
6
9
4
4
7
4
7
4
6
4
9
56
7
6
5
4
6
7
7
2
3
5
2
7
10
7
3
3
1
2
5
6
5
2
12
2
4
8
9
3
5
9
3
6
5
6
3
3
2
4
5
8
10
16
28
35
74
151
59
35
38
39
29
39
51
48
24
24
23
10
19
23
17
31
59
115
125
27
31
23
11
7
17
7
3
9
3
7
6
5
7
7
5
3
4
4
4
2
1
7
1
3
3
4
2
8
5
4
8
14
24
30
35
38
39
84
167
69
44
49
23
27
11
15
5
7
6
8
5
5
2
9
1
2
5
0
1
2
2
3
4
3
8
3
4
3
2
0
6
10
8
19
11
23
29
35
109
101
61
35
30
19
22
17
10
17
30
35
69
23
29
26
51
35
65
149
70
45
24
24
5
5
4
10
5
6
1
9
10
6
6
4
3
3
3
8
6
1
4
3
5
11
6
6
3
6
0
4
8
1
2
4
7
3
6
7
7
2
7
6
7
41
14
4
6
3
3
2
4
6
4
9
2
3
4
1
7
2
3
5
9
4
3
7
6
5
4
6
6
5
7
11
6
9
10
13
13
7
6
6
16
19
8
11
17
5
10
6
4
6
10
8
7
7
11
12
11
8
18
11
16
11
10
18
16
14
31
29
41
52
44
69
56
81
94
174
