104
106
90
96
97
93
68
106
111
77
86
84
110
67
88
100
95
110
93
94
95
94
72
75
91
89
76
92
72
90
82
89
82
95
78
110
98
98
93
102
98
124
106
116
79
111
103
122
100
95
78
93
74
67
70
72
73
73
71
55
79
73
74
69
61
65
62
64
61
56
60
66
68
62
63
71
53
57
69
63
58
71
57
53
63
65
62
63
53
46
52
52
52
44
60
64
51
44
52
68
50
64
77
59
56
44
60
60
55
62
57
63
60
51
53
46
50
62
64
57
63
52
65
39
60
48
46
65
53
47
58
51
45
48
49
57
79
52
55
47
58
48
61
52
51
56
54
54
51
53
39
46
48
42
44
69
50
61
59
51
63
56
43
68
49
62
57
41
48
65
47
52
53
44
70
57
77
65
66
68
101
71
90
66
82
58
72
73
61
65
45
64
69
57
50
54
48
77
75
54
51
44
54
47
43
35
62
50
54
42
43
53
58
68
47
58
45
52
56
58
46
41
46
52
43
50
42
43
54
43
51
63
38
63
43
59
40
56
50
56
45
66
44
46
50
47
46
51
53
58
50
58
47
75
51
42
53
47
47
60
59
65
74
62
45
67
58
47
70
57
55
53
64
60
62
67
61
65
60
68
51
59
70
69
49
64
67
60
60
52
83
60
70
71
69
76
71
59
81
81
67
90
71
82
77
91
94
71
99
90
59
90
83
94
82
86
86
90
83
106
93
97
106
95
88
87
100
79
82
77
87
75
72
79
80
93
88
87
62
96
86
93
74
94
85
73
96
96
96
81
96
84
76
77
101
83
98
109
105
90
