1688
815
590
429
392
319
312
286
280
257
251
229
281
270
220
210
219
220
208
192
212
234
222
220
225
275
267
271
307
259
262
259
255
275
257
248
288
248
281
537
260
222
197
194
205
207
203
203
192
195
192
185
212
239
183
204
182
208
186
227
236
225
250
274
298
258
274
272
248
260
252
256
256
248
235
287
259
207
266
231
208
233
238
224
205
240
247
230
205
193
209
182
245
205
209
196
205
222
218
226
201
230
270
213
220
240
213
203
203
217
218
218
192
208
182
203
210
214
231
232
308
322
274
255
284
261
237
234
192
190
198
203
202
180
200
192
191
205
194
232
213
223
207
223
264
278
261
249
241
229
246
233
228
235
254
242
335
281
280
243
291
283
281
269
264
281
280
274
292
299
308
290
297
330
396
370
364
433
533
750
1137
756
604
430
404
363
379
283
337
329
308
301
258
249
279
235
257
252
237
237
198
228
223
255
284
199
201
216
215
232
237
251
227
278
267
243
237
215
196
216
196
206
223
223
197
209
197
207
191
206
179
189
198
219
202
233
241
264
253
329
311
187
198
213
187
246
229
230
235
243
223
235
207
228
205
207
204
252
235
243
218
254
235
265
252
242
237
244
228
195
210
213
204
224
246
242
231
240
244
244
255
242
250
234
271
282
286
267
261
216
257
245
247
297
261
278
292
245
262
244
212
231
229
220
224
227
219
258
224
222
218
183
183
201
194
189
209
205
223
193
249
476
271
223
248
235
212
263
230
252
265
254
241
252
277
231
220
221
247
228
200
255
232
208
209
222
241
277
242
240
227
250
311
308
296
291
366
478
556
854
