2
2
2
2
0
0
0
1
1
0
0
1
0
0
0
1
0
0
0
0
0
0
0
0
0
1
0
0
0
1
0
1
0
0
0
1
2
0
4
3
4
10
3
2
1
0
0
0
0
0
1
2
0
2
1
0
0
0
0
0
0
1
0
0
0
0
1
0
0
0
0
0
0
0
1
1
1
0
0
0
0
0
0
0
0
0
0
0
0
0
0
0
1
0
0
1
0
0
0
0
0
1
0
1
0
1
1
0
0
0
0
1
0
1
0
0
0
0
0
1
0
0
0
0
2
0
0
1
0
2
2
1
2
2
1
5
4
4
7
5
5
9
1
0
0
0
1
2
2
2
0
1
3
0
0
4
19
19
0
3
8
9
6
4
6
1
9
4
34
6
38
20
1
3
4
19
23
4
6
14
9
9
5
4
17
19
6
3
1
21
33
11
37
2
8
3
11
3
7
19
4
3
3
9
13
2
1
0
1
0
0
1
0
4
1
1
4
3
0
7
5
5
7
1
4
2
4
0
1
2
5
2
0
1
0
0
0
0
0
1
0
0
0
0
0
0
0
1
0
1
1
0
1
0
1
0
0
0
0
0
0
0
0
0
0
0
0
0
0
0
0
0
0
0
0
0
0
1
0
0
0
0
0
1
0
2
1
0
0
0
0
0
0
0
1
1
2
0
0
0
0
1
0
0
0
0
0
1
1
0
1
4
2
2
0
0
0
3
5
4
4
1
1
1
1
1
0
0
1
0
0
1
0
0
0
0
0
0
0
0
0
0
0
0
1
1
0
0
0
1
1
0
1
0
0
0
0
0
2
1
