346
160
89
57
29
49
38
41
39
34
31
20
25
31
36
36
20
23
32
32
33
24
12
23
24
16
16
26
22
26
25
25
17
18
14
13
16
14
13
11
16
8
6
8
9
12
13
4
12
4
10
7
9
19
5
11
14
7
5
9
5
5
15
5
4
5
8
12
6
8
8
10
9
8
10
7
2
11
5
9
5
3
2
4
4
4
4
4
3
4
4
3
2
4
7
5
4
2
2
9
6
5
2
6
9
4
8
7
5
8
8
8
6
4
3
8
3
5
5
13
12
10
10
7
8
10
9
11
12
8
9
16
12
14
11
9
9
10
7
15
15
8
12
15
17
11
13
14
15
21
19
24
15
27
21
16
20
18
32
34
28
18
25
19
22
26
26
25
15
22
24
28
36
29
35
40
50
91
93
175
406
180
107
64
36
36
35
39
45
29
23
29
27
32
29
23
19
20
23
24
31
20
23
20
20
17
17
18
26
18
19
13
18
16
11
7
11
8
13
8
14
11
13
12
6
6
8
14
12
7
15
12
9
11
7
7
14
6
10
5
9
7
11
9
3
7
6
7
4
7
3
3
4
6
4
8
11
5
2
9
2
2
3
4
2
4
9
7
4
8
3
2
3
4
8
3
5
5
1
6
4
5
6
2
6
6
8
6
7
7
10
8
8
6
4
5
9
9
9
7
5
5
3
6
8
14
9
5
5
9
6
17
10
14
13
14
10
15
18
5
13
17
17
10
18
13
20
19
27
26
23
20
26
20
17
21
21
21
25
23
31
30
28
31
28
34
25
29
20
20
43
35
40
30
42
48
45
65
76
165
