72
15
12
4
3
7
2
0
0
0
0
1
6
2
2
1
3
2
3
0
0
1
1
1
1
0
0
1
2
0
1
2
1
2
1
0
1
1
0
0
1
1
0
1
3
0
2
1
1
0
0
0
1
0
0
0
0
0
0
0
0
0
0
0
0
0
0
0
0
0
0
0
0
0
0
0
0
0
0
0
0
0
0
0
0
0
0
0
0
2
0
0
0
1
0
0
0
0
0
0
1
0
0
0
1
0
1
0
0
0
0
0
0
1
0
0
0
0
0
0
1
1
0
0
0
1
0
0
0
0
0
1
1
2
1
1
4
0
1
3
1
2
0
0
0
0
1
0
0
1
0
1
0
0
1
2
0
0
1
1
1
3
0
2
3
4
4
3
3
6
0
3
5
5
4
4
17
9
16
26
52
30
11
10
11
5
5
3
2
7
0
5
3
2
2
1
2
2
1
0
1
2
0
0
0
2
0
2
0
0
0
0
1
0
0
0
0
0
0
0
0
0
0
0
0
0
1
1
1
0
0
0
1
0
0
0
0
0
1
0
0
0
0
2
0
0
0
0
0
0
0
1
0
0
0
0
1
1
0
0
0
0
2
0
0
0
0
0
3
0
0
0
0
0
0
1
0
0
0
0
0
0
0
0
0
0
0
0
0
0
0
0
1
0
1
1
0
0
0
0
0
0
0
0
0
1
0
1
0
0
0
1
1
0
0
0
0
3
0
0
0
1
1
0
0
1
0
1
1
1
0
0
0
0
0
0
0
0
2
1
3
0
0
2
5
2
3
2
7
2
0
0
2
2
1
5
8
9
12
16
