1151
634
322
196
122
135
112
89
101
127
79
80
104
72
64
70
73
68
78
78
54
94
100
80
82
66
61
77
74
63
66
47
74
64
55
47
85
73
77
129
94
102
69
56
61
55
58
32
46
44
69
87
78
97
100
84
57
68
35
50
43
46
34
34
44
27
35
34
41
38
28
32
33
29
30
45
38
23
38
36
31
27
30
18
20
30
38
33
32
44
39
29
27
31
22
26
35
28
26
38
54
37
28
26
34
36
38
24
27
35
50
40
34
36
47
44
44
31
32
37
33
41
39
49
74
69
60
60
73
58
44
46
50
60
43
52
53
68
91
92
89
127
83
55
57
52
53
69
51
61
60
36
45
48
39
63
89
92
84
85
65
67
57
53
61
53
77
73
81
77
104
83
90
114
99
118
143
173
312
589
1160
531
312
221
139
123
102
84
75
109
120
85
92
60
82
70
69
52
60
96
68
88
97
73
83
45
50
64
44
46
46
55
69
49
47
59
66
67
101
106
99
89
71
64
60
56
47
31
57
51
65
66
85
80
65
56
67
64
49
49
52
39
26
22
39
45
41
45
34
54
37
31
30
24
32
33
26
32
32
35
26
22
26
27
28
30
35
26
20
34
34
33
24
25
22
34
23
26
22
34
33
41
45
35
36
44
34
24
27
39
46
39
32
31
35
39
47
42
35
33
42
48
50
54
74
62
80
71
53
70
65
68
48
50
52
49
53
57
100
83
119
119
83
65
70
52
47
74
72
70
58
60
72
73
55
64
102
74
89
74
68
66
80
64
72
53
71
71
83
72
86
119
92
86
97
121
132
175
307
659
