165
64
39
37
16
14
10
12
22
17
15
12
13
13
11
16
20
20
9
15
9
6
17
15
10
6
13
19
18
15
9
9
8
5
6
16
13
13
10
6
5
12
10
10
7
15
8
3
7
7
6
8
7
9
8
13
6
14
8
3
3
5
4
1
7
4
0
2
5
3
3
4
1
7
5
6
9
6
9
11
6
3
3
1
2
5
4
13
4
0
4
10
3
3
3
5
5
6
2
8
7
3
3
5
5
3
3
2
3
2
9
4
6
9
5
3
9
4
3
7
1
6
5
7
10
15
6
3
8
6
4
8
5
8
9
6
10
11
10
4
8
12
18
9
9
13
8
6
4
6
5
1
3
3
4
8
10
9
8
8
8
8
9
3
8
9
7
9
9
18
7
12
7
17
20
15
14
20
19
56
93
55
19
21
8
7
12
9
9
12
19
12
10
13
7
12
7
6
8
6
11
7
4
11
10
7
5
4
7
7
4
4
9
7
5
8
10
12
14
7
6
11
8
6
10
13
6
6
5
6
2
5
5
5
6
5
9
8
6
5
9
7
9
5
4
2
9
9
5
9
8
1
10
3
1
5
4
5
6
2
3
3
3
6
4
0
9
4
0
3
5
5
1
3
5
7
2
3
2
6
5
6
9
4
3
5
4
5
3
5
4
5
2
4
1
0
5
5
3
4
5
4
6
3
9
13
12
10
6
8
8
8
5
2
7
6
8
15
13
8
9
8
14
10
10
10
6
15
11
11
11
16
11
18
18
9
11
6
11
10
10
11
17
15
13
8
18
16
11
8
13
16
16
9
15
10
20
28
49
86
