305
133
69
40
37
39
35
29
21
25
21
20
21
21
9
14
17
15
19
15
13
22
20
12
17
14
17
25
23
20
23
13
17
21
12
11
32
25
19
37
27
29
17
15
19
13
25
16
23
14
24
39
32
46
39
26
21
23
6
18
16
20
11
21
15
9
13
21
24
19
10
11
13
6
11
15
14
6
12
9
10
6
9
7
3
11
16
12
9
15
13
11
6
7
4
10
15
12
9
14
16
18
12
5
12
18
20
10
13
18
18
12
15
8
16
18
10
7
15
11
17
16
18
19
26
16
25
31
34
22
13
17
23
15
16
17
17
21
24
34
31
23
24
17
14
19
20
20
22
15
21
16
10
13
12
18
16
14
14
13
9
16
7
17
12
15
16
27
9
18
22
13
31
30
22
28
35
53
120
144
322
136
107
66
39
30
28
20
24
26
25
25
12
19
20
17
12
11
9
26
14
19
16
9
14
9
13
20
12
8
18
11
15
17
18
17
14
19
26
35
37
35
18
33
14
19
17
10
28
25
31
30
30
33
19
15
26
25
17
17
21
11
9
9
18
26
10
19
14
26
11
15
6
8
16
16
10
10
14
13
8
8
4
8
11
18
12
9
7
17
9
8
13
11
2
13
7
8
7
11
12
17
11
16
18
19
10
6
10
16
21
24
16
10
17
12
14
19
12
13
10
17
19
22
27
17
42
27
27
30
21
22
20
22
23
18
19
17
32
25
34
45
27
23
28
18
11
22
21
17
18
17
26
18
15
8
20
21
23
16
19
11
23
12
20
13
14
24
13
18
24
20
14
26
33
38
30
40
69
135
