111
57
45
31
37
20
22
14
16
20
17
14
18
21
23
20
15
22
12
20
12
10
15
20
9
13
15
10
12
13
15
15
17
27
13
14
10
16
12
24
20
9
11
6
9
12
19
9
22
17
16
25
17
12
15
17
26
9
17
9
17
23
29
21
22
22
14
15
16
23
19
15
18
19
16
18
15
15
25
20
25
15
20
22
21
31
22
21
26
19
21
30
15
16
16
13
17
16
16
18
21
7
23
11
18
17
18
17
12
11
18
12
17
15
14
26
19
18
17
21
12
11
20
14
18
16
14
21
19
10
14
19
18
11
10
15
21
27
15
26
22
17
14
13
12
16
20
11
12
17
14
19
21
24
14
18
12
18
22
20
11
17
21
18
16
14
27
19
19
29
27
29
21
27
27
28
53
82
103
122
166
126
101
77
53
40
20
30
22
21
27
24
19
16
8
18
18
25
11
21
15
19
22
24
18
13
14
17
24
11
16
12
14
10
14
14
10
14
16
20
19
23
17
13
11
19
17
20
18
21
11
13
12
14
18
19
13
21
24
14
18
19
27
22
21
24
13
15
16
21
15
15
20
17
18
12
20
16
25
17
16
28
23
25
20
13
12
25
10
12
24
26
30
19
23
24
21
18
18
15
16
16
30
16
11
31
24
12
18
20
21
17
26
24
19
23
37
22
23
23
19
19
17
16
19
14
17
18
16
21
21
4
22
18
17
17
12
9
15
12
13
27
20
23
12
15
13
16
23
13
11
16
18
22
16
14
14
14
11
13
10
18
13
11
10
22
19
13
8
15
18
13
21
18
19
21
20
34
54
67
