4130
1127
388
317
238
204
189
209
175
148
158
113
125
94
126
100
113
93
105
100
97
136
121
129
147
121
100
113
126
115
104
106
116
154
85
120
240
414
121
101
260
320
105
72
97
109
96
96
102
97
111
104
112
109
115
100
105
104
112
113
147
123
122
126
119
139
138
177
150
160
163
183
157
200
212
236
224
230
205
188
216
229
229
216
245
263
300
258
311
331
308
294
288
269
236
248
273
257
225
208
200
210
244
207
215
187
177
167
160
154
146
124
122
168
132
114
145
110
159
189
183
150
129
158
132
116
119
94
107
128
116
104
119
113
140
105
110
122
121
112
101
108
128
131
110
97
77
101
105
103
119
100
115
119
109
117
107
84
105
105
107
93
83
93
92
98
108
105
103
137
141
137
166
191
233
245
363
445
729
1395
2754
1446
745
476
356
299
209
188
188
166
128
117
106
103
97
101
103
80
91
96
97
99
100
78
115
110
83
96
104
105
107
106
92
100
99
101
125
135
106
100
89
83
107
101
110
82
95
108
107
100
120
128
95
120
127
109
136
150
118
154
166
198
173
142
158
116
143
129
146
147
177
155
146
174
170
176
187
222
204
229
206
219
233
264
247
265
232
270
287
295
308
323
291
272
292
260
270
251
229
237
194
202
198
207
198
228
229
195
194
183
167
160
173
149
146
136
136
128
134
123
123
122
98
128
115
109
93
92
115
115
115
103
110
111
105
124
106
75
95
276
257
123
117
418
244
127
92
107
130
98
95
107
121
109
116
116
115
155
113
108
96
120
96
108
95
127
113
106
110
119
119
168
154
205
201
195
251
306
428
1107
