465
219
149
138
135
116
99
76
82
70
101
85
68
62
72
89
82
54
63
62
56
68
52
48
59
55
46
78
84
59
73
79
63
57
87
66
76
74
83
80
69
63
57
53
64
57
56
58
49
56
61
38
47
37
43
32
26
48
36
55
30
41
49
59
48
38
45
44
52
43
26
39
42
29
38
30
35
38
25
52
31
30
25
43
36
43
18
29
43
25
30
29
26
30
30
47
39
32
40
46
46
51
53
37
28
46
40
51
53
49
37
63
38
35
50
31
44
48
55
51
57
39
33
44
38
46
45
40
66
47
49
60
54
57
43
36
58
61
39
37
42
49
48
55
50
54
71
70
51
47
53
47
65
54
70
50
56
62
58
58
49
57
77
60
55
67
54
51
73
66
65
66
49
72
68
79
95
115
134
223
621
234
146
120
88
85
71
63
62
40
86
59
51
63
65
72
66
47
68
49
49
51
55
53
59
65
51
55
72
65
61
70
70
66
75
64
65
42
47
55
55
63
54
60
48
49
51
65
53
59
53
50
54
39
38
42
47
46
53
49
55
40
42
46
40
38
40
40
48
39
40
29
44
48
28
30
39
34
38
32
33
36
39
33
49
37
34
37
50
44
37
32
43
36
29
41
33
46
29
32
32
35
31
47
34
28
36
35
41
41
48
42
51
56
65
47
53
40
46
64
42
33
49
37
32
41
49
54
48
58
55
57
53
63
46
52
54
45
52
48
53
47
66
79
63
64
64
69
50
69
58
64
56
61
58
70
56
56
58
70
73
60
45
75
61
60
71
91
77
79
70
58
67
79
81
119
85
140
138
206
