273
111
55
51
55
31
43
49
33
28
47
32
42
31
32
28
26
27
26
29
21
20
28
22
24
38
28
25
27
32
20
31
35
31
33
44
21
28
27
37
29
21
31
33
28
31
23
31
26
28
21
29
31
27
33
29
21
32
34
31
31
36
26
24
21
20
33
21
20
26
19
24
29
25
21
23
27
28
32
22
28
20
24
21
23
21
21
19
19
28
14
22
23
28
18
32
13
19
33
22
21
26
24
29
25
24
16
25
22
23
25
15
28
28
22
24
22
30
23
30
34
23
25
23
33
19
29
17
22
26
22
30
17
29
27
23
29
24
34
21
25
15
27
31
25
28
28
16
25
14
28
19
26
41
29
13
23
21
24
32
28
26
22
36
28
23
30
24
33
34
30
30
28
34
31
41
30
43
63
111
227
110
48
46
46
40
35
27
34
44
31
41
28
37
32
40
27
28
23
24
29
17
26
23
29
34
33
22
18
21
21
18
28
26
33
18
27
24
25
26
31
21
28
24
22
19
30
21
28
20
22
26
25
32
25
32
25
28
26
36
40
34
32
26
22
18
18
27
25
23
21
23
26
29
24
24
27
18
27
21
31
17
11
24
21
21
28
24
23
22
18
25
21
20
23
16
25
14
19
12
25
33
28
29
27
23
36
19
34
28
20
18
41
30
27
25
30
27
25
31
35
30
32
23
26
26
33
27
31
37
12
28
34
26
33
28
31
23
29
30
31
30
32
28
30
28
25
28
34
32
23
21
27
23
22
38
30
28
27
32
30
28
28
27
33
29
20
33
33
35
33
37
33
35
33
44
59
51
70
105
