1658
330
153
105
80
68
73
67
88
55
81
55
64
61
47
66
68
53
60
78
54
62
67
64
66
64
57
62
49
60
66
55
65
63
69
44
54
51
50
42
49
45
56
64
60
60
50
69
58
51
51
50
67
70
73
65
42
43
57
44
42
63
54
51
44
34
39
47
46
39
55
46
50
34
36
38
31
50
49
41
41
47
34
45
39
39
41
52
47
30
46
34
30
36
40
41
43
34
38
45
34
34
33
40
51
46
47
53
36
37
37
33
41
35
28
41
47
42
45
45
55
44
44
39
53
51
76
46
61
55
65
36
50
47
48
41
61
51
38
44
48
52
44
48
38
50
37
53
47
61
46
41
52
47
40
53
47
46
33
45
41
35
58
72
39
54
67
60
76
57
64
48
51
50
76
74
107
128
176
434
1317
427
116
122
82
60
66
47
52
55
55
57
44
29
54
47
58
57
40
43
50
62
41
62
63
63
35
65
53
48
49
46
50
40
49
48
49
54
46
48
39
44
48
61
56
55
54
43
46
51
58
47
58
50
84
49
58
41
40
44
46
65
43
52
41
38
37
50
38
43
47
71
45
55
45
42
53
44
35
35
33
56
42
39
44
46
30
37
41
46
47
35
40
36
40
33
56
48
40
51
31
50
35
45
36
46
50
49
39
59
51
40
43
58
40
56
40
50
68
61
62
54
43
49
58
64
70
70
59
54
54
59
58
75
55
57
77
47
62
49
55
46
71
65
73
75
47
50
70
60
43
54
70
74
54
70
70
65
61
62
53
60
62
57
74
86
72
60
54
72
80
70
70
72
91
68
91
91
210
395
