205
212
211
198
190
209
165
166
181
149
150
151
144
159
152
154
135
141
151
164
152
151
139
134
151
150
167
148
140
150
119
127
141
155
131
125
127
132
130
135
115
141
147
129
138
108
141
127
128
136
116
121
105
133
110
134
108
104
115
92
112
134
114
125
119
105
103
104
122
104
135
120
108
96
102
91
94
118
87
95
93
102
109
89
82
96
90
96
81
120
88
91
91
103
92
103
107
101
95
96
81
88
80
101
112
90
92
92
109
87
83
81
87
91
85
93
89
95
110
101
100
97
99
83
89
86
83
92
77
107
86
92
100
78
102
90
100
100
103
107
93
111
93
93
107
98
103
104
103
114
100
128
98
114
112
104
99
113
113
112
95
117
106
123
110
126
99
130
111
124
110
105
114
117
122
143
142
157
151
166
220
191
194
150
148
160
134
128
112
123
136
108
132
98
135
114
118
126
108
117
113
121
104
97
118
100
88
112
99
92
92
86
95
109
93
95
64
101
100
92
95
107
79
109
81
85
86
87
104
116
87
70
92
79
90
94
96
83
88
89
88
94
112
88
93
80
90
90
103
84
94
85
85
80
96
89
102
87
82
96
98
96
94
88
103
112
123
95
108
100
88
105
104
88
110
84
87
106
107
107
97
96
110
104
118
107
114
91
121
108
109
119
117
94
114
101
107
115
130
124
127
109
117
103
123
106
113
122
122
126
131
112
132
121
106
137
122
143
139
132
151
141
146
154
143
129
139
134
145
124
141
139
113
131
134
160
138
135
142
163
146
138
159
154
144
155
165
158
157
163
162
182
174
184
181
189
192
191
194
210
