1180
514
284
165
135
112
106
92
91
63
85
86
59
62
50
55
54
44
38
48
52
58
47
40
43
66
75
64
45
54
39
49
73
62
56
50
63
48
45
31
43
41
39
38
28
35
33
36
26
30
28
35
29
30
26
34
35
40
35
61
34
30
44
39
37
30
32
23
24
24
28
29
32
21
26
19
24
35
16
20
17
24
21
20
21
34
23
20
35
34
22
36
32
30
31
25
29
25
33
28
30
18
34
36
27
17
30
26
25
20
27
39
35
34
34
35
49
67
54
65
75
48
39
28
37
58
28
38
30
38
33
45
37
30
36
42
52
39
40
36
50
47
37
36
38
40
54
43
39
38
45
55
46
63
46
52
57
60
64
52
60
55
75
101
81
113
74
81
69
77
67
85
118
96
132
122
156
210
303
573
1304
566
291
186
177
131
95
81
67
70
77
77
60
63
67
99
94
93
52
69
51
61
48
63
50
53
41
67
44
57
52
46
44
49
48
51
39
34
46
32
44
53
39
36
37
41
37
34
40
37
46
31
37
37
38
38
38
34
40
37
62
57
49
60
43
42
35
34
32
31
39
28
27
24
19
25
27
32
32
22
21
21
35
19
31
23
35
26
23
26
25
25
26
34
20
22
20
32
17
22
24
17
34
31
25
14
34
24
31
27
20
23
31
36
41
27
43
34
36
23
46
48
33
31
25
35
23
25
26
30
25
30
26
33
26
34
33
41
33
53
28
47
44
40
61
55
58
67
62
42
37
39
42
74
83
58
40
62
51
39
57
59
55
67
59
51
71
54
69
64
79
94
165
205
158
129
140
203
274
558
