371
165
112
78
50
55
48
52
42
36
28
30
35
33
23
22
15
25
21
20
18
24
23
19
21
14
15
21
14
15
17
12
12
12
13
17
14
10
13
16
13
14
16
15
20
17
10
17
15
7
14
14
6
7
21
15
13
15
5
11
6
13
14
7
5
12
3
6
9
6
3
7
8
8
4
6
4
7
11
7
4
3
9
3
5
5
8
4
4
8
9
6
4
7
6
5
7
1
5
5
9
4
2
7
6
6
4
6
8
5
9
7
6
11
6
9
9
14
12
12
12
18
20
13
16
12
7
11
8
15
18
16
15
9
9
11
10
8
16
6
10
8
13
19
12
19
14
14
17
14
16
13
13
20
13
21
21
16
20
26
29
27
27
28
24
26
39
25
26
35
35
41
44
39
56
55
69
92
111
181
331
176
113
98
71
55
66
44
48
38
37
33
36
27
22
20
22
17
27
24
30
18
15
13
15
13
14
14
15
2
9
15
10
11
13
18
8
11
7
13
10
15
19
23
16
13
15
16
8
23
7
6
12
20
18
12
19
16
10
14
15
13
11
10
12
3
7
11
6
6
9
6
3
2
4
11
7
7
7
6
8
8
8
8
7
8
3
7
7
6
8
3
11
2
7
7
3
9
1
5
1
2
5
8
8
8
6
11
5
9
13
13
5
7
11
8
11
14
9
16
13
7
19
17
9
15
19
12
13
12
20
4
16
12
10
14
19
14
8
12
20
9
16
20
21
22
21
19
15
8
20
8
16
11
13
15
15
16
17
29
24
22
26
20
23
28
27
37
25
21
23
34
46
41
52
38
58
95
89
180
