17
16
17
14
13
5
9
8
14
14
4
12
6
7
9
13
20
12
27
17
16
28
20
9
11
16
7
10
20
20
16
8
17
13
26
21
18
11
12
12
6
17
15
14
14
9
4
13
12
13
14
13
13
6
11
6
5
11
7
10
12
11
9
11
10
14
12
8
5
10
12
10
9
11
6
6
11
14
6
11
10
9
5
5
14
5
12
10
8
6
10
9
10
12
6
10
9
7
9
8
7
9
11
9
7
10
10
9
5
7
13
5
4
6
6
7
7
2
10
9
9
10
14
5
3
9
8
12
3
12
10
6
6
6
5
6
12
6
6
3
4
7
8
9
9
3
4
15
7
7
4
13
14
3
8
7
9
7
5
8
9
10
5
2
7
10
8
6
5
8
10
7
6
7
2
1
10
8
6
11
17
18
8
11
5
11
6
4
6
4
5
3
2
7
6
9
7
6
6
6
7
3
7
5
10
8
6
4
3
6
5
6
6
8
7
6
1
10
9
4
4
11
7
4
7
7
7
9
7
7
14
3
5
4
8
13
9
6
6
7
7
14
6
8
5
6
3
5
10
7
11
9
9
6
6
6
11
3
12
10
6
4
11
11
8
9
10
5
9
3
6
13
15
8
17
11
10
8
15
10
4
8
6
13
7
8
8
14
11
10
7
9
6
11
14
14
5
8
10
18
8
7
8
12
11
15
6
15
16
18
7
9
5
8
11
10
17
9
17
12
15
20
8
13
24
18
19
15
20
16
27
13
20
21
9
9
8
19
28
20
27
25
17
18
20
30
14
9
8
14
11
15
11
14
8
12
13
20
17
17
