2052
1419
1018
729
570
483
397
322
276
197
123
94
95
72
49
55
46
48
35
42
42
40
35
33
29
38
33
42
37
28
30
23
54
171
258
270
72
58
48
51
77
92
443
85
34
29
33
25
28
32
24
31
29
22
30
29
33
41
29
33
31
41
48
49
41
48
33
39
27
33
37
25
37
33
34
43
37
36
33
27
38
39
37
31
36
27
29
27
33
35
35
30
27
26
22
33
28
23
18
26
29
33
19
29
33
27
17
29
41
35
31
50
38
31
37
26
63
89
73
100
90
80
94
56
44
35
35
26
17
33
44
26
23
23
22
31
25
27
23
28
22
27
27
49
29
36
23
28
36
35
27
29
29
28
32
38
51
50
47
36
40
31
41
34
38
37
35
32
35
31
54
52
39
47
51
53
70
82
143
251
795
267
122
64
65
52
52
45
55
39
38
29
30
34
39
31
31
49
42
34
29
48
54
26
33
51
44
43
35
32
30
32
24
26
29
35
42
31
27
30
26
36
36
34
38
28
28
29
21
29
29
28
25
24
36
40
45
72
99
76
74
105
85
87
37
34
31
44
34
43
35
28
24
28
20
32
29
28
31
28
28
32
26
39
33
34
30
33
24
35
39
23
32
30
32
29
31
40
39
33
21
26
28
32
29
42
29
28
34
25
31
32
36
29
34
33
32
38
38
46
37
37
43
24
33
20
26
22
34
25
27
24
23
28
22
25
31
89
448
98
92
42
50
70
71
262
262
185
39
33
40
40
45
43
26
54
34
53
35
47
50
38
58
47
49
58
58
54
92
89
118
185
278
319
416
461
607
738
1024
1478
