96
87
79
101
86
79
83
86
74
84
67
81
90
78
72
79
72
82
76
84
77
77
81
70
74
82
87
83
97
95
104
82
98
108
75
115
108
92
86
85
73
71
56
58
48
57
44
46
41
37
32
39
34
29
29
27
27
25
22
22
28
22
25
22
16
24
31
21
16
15
14
19
20
26
26
18
22
18
21
24
13
19
20
20
14
14
16
20
15
16
20
16
31
16
20
13
24
18
13
16
22
18
15
21
15
27
23
25
14
26
30
17
26
18
15
20
19
15
22
18
25
23
21
18
23
26
25
29
25
14
15
16
23
25
18
22
19
26
26
20
17
21
25
25
20
20
16
17
16
13
21
23
26
22
19
23
14
21
22
19
18
22
24
22
15
21
23
16
23
25
21
24
15
19
22
20
21
17
23
27
30
12
19
24
32
25
23
15
19
22
15
23
25
24
21
20
16
20
22
19
18
17
17
19
20
23
11
24
20
21
27
25
20
31
24
22
23
17
13
19
19
20
21
17
19
16
26
27
21
23
14
21
31
16
15
29
19
22
21
19
26
17
18
16
22
14
19
21
20
20
22
24
21
24
16
23
15
19
23
20
18
25
23
31
22
20
19
19
23
27
15
29
16
17
21
16
15
25
17
20
19
23
14
20
24
13
12
22
13
38
17
18
18
24
23
18
22
31
26
22
18
25
18
20
35
22
40
35
26
37
27
29
49
39
50
35
54
50
67
61
88
75
86
84
109
74
86
111
118
106
113
106
93
113
101
94
83
85
91
80
80
77
106
95
84
87
91
73
88
64
63
82
87
79
84
87
63
71
81
71
