69
17
9
6
6
8
4
4
3
5
8
3
12
13
9
4
7
4
8
3
5
8
2
3
4
9
3
7
7
9
10
10
14
9
11
5
12
7
4
16
6
5
5
5
6
7
9
9
13
19
28
16
17
10
5
9
15
9
8
13
7
12
14
11
16
14
26
18
23
26
24
22
20
14
20
48
22
16
27
17
28
27
35
36
25
21
15
20
12
11
15
20
12
18
12
17
13
16
12
14
15
9
9
12
10
15
15
18
27
14
18
16
19
17
15
9
15
14
16
10
22
24
138
379
52
6
13
15
21
11
14
8
14
10
3
7
6
6
7
5
8
7
9
4
4
7
4
13
12
10
12
7
10
4
7
9
9
10
10
8
5
7
7
8
15
8
9
12
7
6
12
8
11
12
10
21
17
16
31
27
37
31
22
20
22
16
19
10
13
12
16
13
6
16
12
5
12
8
3
13
9
8
14
11
9
3
8
6
8
5
8
7
14
9
10
10
5
4
9
7
6
6
8
7
4
11
7
9
9
5
9
7
9
16
8
12
71
368
137
12
20
25
10
14
10
14
19
17
18
18
19
26
20
19
12
17
14
14
9
10
15
13
10
12
18
23
14
12
21
13
18
14
9
16
17
20
29
36
38
34
25
17
18
19
20
54
56
22
25
25
24
25
20
22
19
18
10
8
11
13
7
11
14
14
11
12
6
1
6
7
7
5
4
2
4
5
2
5
9
2
10
9
8
8
6
9
8
11
6
3
7
9
5
5
2
2
6
5
4
7
5
5
8
3
4
2
2
3
6
9
6
7
8
11
9
4
13
6
10
22
