430
163
63
11
20
19
14
11
20
9
7
6
11
16
11
5
15
3
10
9
14
5
14
8
8
16
11
11
10
13
11
9
4
14
5
11
6
8
6
9
13
13
6
5
9
11
14
6
18
12
10
8
10
10
9
10
12
6
4
9
7
7
10
23
7
10
11
10
5
19
9
14
7
16
4
33
10
5
9
4
9
9
11
3
8
3
11
6
3
9
7
7
7
3
5
11
12
10
10
7
13
5
7
3
5
7
7
8
4
8
4
9
9
12
12
12
14
11
9
15
18
14
19
14
9
10
7
15
15
17
19
13
11
10
5
11
14
12
12
10
10
8
12
7
13
16
11
20
17
21
15
14
14
9
4
17
16
13
11
10
7
18
13
17
6
9
13
15
11
10
11
20
12
20
18
35
35
90
116
148
300
159
95
69
31
24
17
15
14
15
17
9
7
12
10
7
11
12
12
14
6
14
14
16
11
13
12
7
13
17
11
20
15
18
10
14
9
10
12
13
11
9
13
14
9
12
12
16
12
22
11
22
12
13
12
12
6
7
22
7
11
13
13
10
9
11
22
6
5
15
5
9
9
9
4
14
6
8
7
13
11
9
5
6
8
4
9
5
5
10
4
6
3
5
11
7
10
7
9
7
11
8
10
6
12
28
7
11
5
11
12
14
20
13
8
13
7
12
16
12
11
14
10
10
10
8
14
13
12
6
9
12
10
11
18
13
10
4
18
9
7
12
11
6
10
11
9
5
3
13
12
8
8
7
12
10
9
4
17
13
10
12
12
9
15
19
13
17
14
5
11
18
14
8
15
21
15
22
65
142
