73
55
56
51
50
47
53
51
50
54
46
48
49
47
52
56
47
50
36
32
54
48
35
42
42
61
39
41
44
48
43
54
45
55
49
46
49
38
54
64
59
50
58
72
63
68
59
78
70
76
90
135
122
154
123
124
118
107
136
139
271
309
116
120
104
91
76
75
73
89
90
62
48
55
57
38
47
45
33
43
43
31
41
42
45
46
31
28
38
24
34
31
34
28
26
30
30
33
29
36
35
27
25
24
29
39
35
34
24
24
23
31
34
36
28
29
20
40
27
24
26
27
29
18
26
28
27
28
21
27
24
25
34
25
18
21
36
30
25
26
29
28
31
33
22
23
28
20
20
28
25
26
24
30
22
30
42
41
25
39
23
47
45
34
49
48
41
61
76
74
100
89
83
72
57
80
60
65
70
114
308
103
67
72
86
61
59
76
87
81
78
61
73
54
49
44
35
46
49
37
43
30
40
28
25
29
38
25
30
13
28
21
24
22
28
22
22
21
25
26
20
20
19
30
25
26
33
24
22
27
24
25
27
23
24
25
14
24
30
23
34
28
27
42
25
28
30
32
25
23
31
28
15
26
19
33
31
34
36
24
26
31
24
29
34
27
34
32
41
36
31
26
25
30
30
27
33
32
38
28
42
38
28
39
49
45
66
56
63
74
75
89
85
88
104
88
96
109
118
290
250
167
168
137
122
101
108
137
125
95
94
78
70
66
65
57
57
64
67
54
60
51
56
53
58
47
41
42
53
43
43
41
44
64
48
39
44
50
43
50
40
56
48
46
53
52
42
43
45
50
59
44
52
50
48
61
46
46
59
46
