17
23
24
19
25
24
20
23
12
12
13
17
7
17
19
20
20
21
19
13
10
21
10
25
12
25
19
19
18
16
20
19
23
23
22
19
19
24
14
15
15
26
21
16
31
17
25
18
32
22
20
29
27
19
20
25
33
25
15
29
24
25
20
27
32
19
16
17
22
26
28
26
19
18
17
19
21
12
18
14
16
15
20
11
19
11
17
16
9
14
17
10
12
11
17
16
10
17
25
13
17
12
10
13
7
20
23
16
19
23
17
23
14
18
15
14
9
12
14
7
12
9
9
12
9
6
9
12
13
16
9
18
17
13
13
15
13
13
10
14
15
15
10
16
11
13
17
19
14
14
12
19
15
11
16
11
19
13
15
13
19
16
15
14
20
22
7
17
15
13
15
12
22
17
21
22
22
20
14
25
20
20
26
28
20
20
23
16
19
25
25
11
21
17
28
20
21
12
16
13
7
12
8
15
13
12
16
19
13
15
14
7
11
16
13
15
17
8
9
8
17
11
16
8
10
12
8
18
9
10
17
11
19
13
19
8
13
15
4
12
17
15
14
14
14
10
9
13
17
10
7
12
14
15
15
13
20
16
16
11
14
21
12
13
18
17
16
7
10
13
22
9
18
18
14
11
11
20
17
21
11
9
15
13
18
10
22
16
17
18
18
23
25
23
21
28
22
27
24
28
28
26
20
23
17
27
22
29
21
14
18
29
21
24
18
25
25
11
24
17
14
20
19
16
20
27
12
25
28
15
20
22
23
20
18
21
20
19
20
24
20
24
21
25
15
17
22
16
18
13
26
30
23
21
16
19
15
19
28
16
