520
236
120
78
53
49
41
72
38
44
31
32
38
43
32
40
33
31
52
41
44
37
22
21
24
27
25
26
24
22
25
28
24
29
18
14
19
15
13
23
21
22
25
22
18
21
21
16
23
28
18
21
15
17
14
19
19
10
13
18
23
17
16
14
18
16
13
13
19
14
16
14
9
14
16
10
16
12
14
15
15
12
13
17
8
9
16
16
12
22
26
11
7
18
11
21
10
12
9
11
14
12
14
13
13
9
15
12
12
16
21
11
7
11
13
10
9
5
15
19
21
13
10
11
14
12
6
14
13
15
7
9
13
12
13
7
7
9
11
8
13
5
11
10
10
14
5
18
16
21
10
14
15
7
14
15
17
9
9
16
12
18
9
13
15
10
14
16
8
9
9
15
20
10
19
22
25
54
89
189
375
177
70
30
25
17
16
8
12
8
12
11
7
13
10
12
12
8
9
10
6
13
13
11
8
7
17
12
13
17
13
18
12
9
10
18
12
15
5
15
11
10
8
8
10
6
10
11
16
7
14
13
13
10
15
12
11
17
14
13
10
12
12
18
11
16
12
11
9
12
14
12
8
16
10
21
10
12
11
10
2
16
5
10
21
15
8
25
7
13
27
10
6
18
14
8
5
9
17
11
16
17
11
14
16
15
16
7
19
11
10
13
15
9
18
6
18
8
13
22
15
16
16
16
13
14
21
16
16
16
19
16
22
20
21
24
17
25
20
26
22
15
21
26
23
28
13
21
26
33
21
14
23
28
27
35
31
28
32
42
37
44
31
48
25
34
35
37
37
32
31
27
51
52
52
50
55
76
113
246
