758
308
157
115
122
92
78
73
61
69
56
60
64
55
67
53
76
56
65
51
68
61
64
48
52
49
66
61
56
69
58
44
41
45
39
38
46
35
47
47
44
42
42
32
40
41
41
48
32
47
42
37
43
32
32
28
37
30
37
38
35
26
36
20
42
29
34
34
34
33
31
41
37
23
39
33
25
36
33
39
30
34
36
26
36
30
29
33
38
33
28
28
33
33
37
19
40
25
27
37
37
33
33
35
36
40
36
27
35
30
31
26
34
26
33
29
29
37
25
22
29
31
30
25
35
24
29
20
26
28
39
32
23
30
22
34
40
25
24
38
29
29
34
29
33
27
30
19
28
36
32
24
29
41
29
32
28
22
31
25
36
32
37
30
29
58
35
39
43
48
30
36
44
51
63
70
94
113
259
433
856
437
216
132
91
63
46
45
48
29
34
41
32
48
31
33
28
29
31
26
32
36
25
37
33
34
26
23
30
24
26
20
29
26
32
28
23
28
30
27
25
25
21
31
30
24
33
34
29
38
30
28
26
33
24
38
28
38
23
28
25
31
36
22
33
37
35
36
33
33
32
27
30
38
36
26
42
28
35
31
20
35
39
34
38
39
46
28
43
28
27
41
23
28
25
25
37
25
30
41
18
24
42
36
32
27
35
36
31
29
34
31
32
35
33
37
29
35
28
32
40
28
30
38
38
47
42
34
37
38
44
40
36
40
54
51
31
38
37
28
31
40
37
34
47
39
52
46
46
54
68
58
50
52
46
64
63
49
65
50
67
54
47
57
68
51
59
56
64
60
62
71
82
73
79
69
97
109
192
332
