292
170
130
89
60
59
38
39
40
41
31
28
36
25
23
36
20
19
25
28
27
24
34
29
24
31
31
27
25
30
28
23
34
36
35
18
21
25
29
21
26
17
29
19
15
23
23
19
23
21
18
26
19
23
22
24
31
20
17
22
18
20
15
21
20
16
18
21
34
22
10
21
14
16
11
17
15
23
16
22
11
10
12
13
15
18
14
17
12
11
20
15
10
7
11
7
10
11
15
10
8
14
16
11
13
13
17
11
11
13
12
12
14
12
12
10
12
13
7
9
10
11
10
11
9
4
11
11
15
9
12
13
13
12
9
13
12
18
12
8
15
8
18
17
11
10
12
18
13
11
10
13
12
9
8
13
8
10
6
12
7
13
4
9
14
16
21
14
14
22
26
19
35
33
43
35
51
72
101
150
216
142
83
74
57
47
39
55
33
26
23
15
22
23
14
12
16
8
16
12
8
11
12
10
19
15
15
16
9
20
12
18
11
12
9
12
14
10
9
10
9
12
8
15
6
5
18
14
12
14
10
10
8
8
4
3
15
11
18
11
15
17
14
10
10
8
16
10
11
10
20
11
15
11
10
15
13
9
11
12
13
9
14
12
15
15
14
9
18
9
20
16
9
10
17
16
12
22
17
20
15
17
20
17
11
18
15
19
22
18
11
15
16
18
17
25
18
20
18
19
16
22
22
20
20
22
23
14
17
18
25
21
15
21
30
24
25
18
18
25
16
25
17
23
20
24
24
28
27
22
23
22
32
22
31
26
30
24
23
26
33
27
45
23
29
17
25
27
29
25
28
30
29
47
46
52
65
80
100
183
