229
113
53
43
22
34
16
22
23
25
19
22
19
22
20
12
16
13
10
14
13
8
10
4
7
9
14
9
9
15
10
15
8
7
12
16
15
14
7
10
6
6
3
2
11
5
2
6
3
9
5
7
3
10
14
5
5
8
8
13
6
5
6
8
6
15
6
7
7
7
6
5
6
8
3
9
8
9
4
5
6
3
10
10
4
4
3
6
4
5
17
13
6
15
4
4
6
5
5
7
4
5
1
7
6
3
3
7
5
3
4
7
7
2
4
4
4
3
6
13
6
6
2
6
8
3
6
2
11
0
7
9
1
8
2
5
5
5
9
5
5
6
3
2
7
5
3
5
7
11
5
7
1
3
13
8
14
13
11
13
9
10
6
7
11
7
8
12
11
17
10
15
10
19
10
20
27
29
75
107
184
120
72
44
31
26
13
20
17
7
12
15
11
4
9
7
14
0
6
11
7
15
8
19
10
2
6
9
5
5
6
6
4
6
4
8
4
7
2
7
5
8
6
5
5
6
1
6
6
4
4
3
4
2
10
8
6
6
6
9
10
8
7
4
5
3
6
5
4
5
7
1
2
3
4
3
5
5
3
4
3
10
6
4
10
3
6
6
11
5
10
8
3
2
1
4
3
3
5
4
5
4
7
4
4
10
6
3
2
5
5
11
8
9
7
7
5
6
11
5
8
9
9
5
4
10
10
6
8
9
7
5
3
5
5
15
5
8
6
6
7
6
5
10
12
6
6
17
7
12
4
13
5
11
11
6
7
7
4
11
17
8
12
18
20
17
11
20
13
24
32
25
16
27
29
33
32
42
44
89
