1298
509
272
184
149
89
80
71
47
51
41
38
22
35
27
27
18
21
16
21
19
15
18
21
13
8
22
19
26
19
22
32
21
23
17
41
22
16
20
25
22
21
20
16
12
21
14
20
10
10
7
12
7
12
18
12
19
25
18
13
25
15
16
11
14
17
18
12
12
17
16
17
24
15
27
52
29
7
7
17
13
16
5
11
18
20
21
17
12
20
12
16
11
23
20
16
16
5
15
11
17
13
18
19
11
19
12
15
8
10
18
12
14
16
20
25
17
17
19
22
29
31
33
33
42
55
77
154
345
138
88
43
42
27
21
19
13
18
17
16
15
14
21
19
17
14
25
17
29
20
21
25
25
17
17
20
12
17
16
31
22
20
20
16
22
17
35
16
31
17
32
35
50
33
52
78
75
100
152
293
594
289
146
95
83
59
43
38
43
32
26
42
27
23
22
11
15
17
21
17
13
25
22
13
9
23
19
17
18
17
17
19
12
17
12
15
17
24
18
13
15
15
21
20
14
22
19
28
49
47
92
136
337
155
100
54
54
35
27
26
21
23
19
16
11
14
11
15
12
12
12
20
11
10
19
12
15
15
9
12
11
17
18
14
16
11
12
21
24
14
19
12
13
14
14
9
15
12
13
18
15
19
8
20
40
39
33
14
24
29
19
13
13
12
20
16
8
18
10
18
16
22
17
27
11
22
14
8
17
19
14
21
15
8
21
13
25
22
23
15
27
22
21
20
23
46
20
27
22
14
14
27
11
20
14
17
16
19
17
19
22
19
19
18
20
23
25
30
28
52
42
48
63
70
87
74
129
166
253
486
