1455
992
566
357
273
223
155
145
120
99
82
81
73
69
45
46
48
43
34
31
37
34
34
23
37
29
29
42
34
33
34
29
48
77
36
89
52
28
31
34
48
28
28
26
24
16
23
17
15
17
15
20
22
18
24
38
36
29
32
25
41
21
20
29
21
28
37
25
26
22
17
26
17
22
30
72
42
16
26
29
17
33
31
17
22
32
30
31
31
30
23
16
32
26
35
26
22
28
29
24
18
17
18
22
14
13
25
22
25
25
22
31
22
19
19
27
23
37
41
57
84
38
31
46
52
69
104
139
302
141
93
65
49
34
34
26
22
28
17
19
31
26
27
27
27
26
22
30
25
24
38
30
30
20
25
35
32
21
23
39
39
50
38
44
37
25
24
24
32
39
36
27
38
44
37
55
104
155
242
498
1072
478
220
119
83
58
38
54
27
32
23
30
26
33
28
25
34
39
45
37
35
37
30
28
25
26
22
20
34
26
21
28
32
23
29
26
31
28
25
18
28
32
24
18
30
38
34
41
50
61
99
126
305
158
78
87
62
54
41
46
73
47
43
36
24
33
19
18
21
31
18
16
22
14
18
18
20
23
24
29
19
32
30
22
23
24
29
27
29
38
20
26
26
23
33
31
26
20
21
34
29
35
24
18
29
58
30
34
21
28
14
20
17
30
21
21
30
20
23
27
45
15
22
38
33
28
26
29
18
23
18
18
28
17
24
26
18
18
22
31
38
21
28
25
59
73
35
54
55
35
31
34
29
37
25
22
25
31
16
40
39
23
41
36
32
48
52
55
54
88
76
82
130
172
156
192
256
343
582
938
