351
126
50
8
10
14
9
8
18
5
4
6
10
8
6
2
5
1
5
7
10
1
6
4
4
13
9
6
6
9
6
3
3
11
4
8
6
8
5
5
9
13
4
5
8
8
10
6
10
9
8
6
6
5
7
6
6
4
2
3
3
2
1
11
3
6
5
8
4
14
3
7
3
10
3
28
9
1
6
4
7
9
7
3
6
1
11
6
1
5
6
6
1
3
4
8
9
8
4
5
9
3
7
1
5
5
3
7
3
3
3
3
4
7
12
9
10
1
5
14
13
9
14
10
3
3
0
9
7
11
13
8
5
6
4
9
9
6
8
7
10
7
10
5
6
9
7
15
16
8
13
5
9
5
2
12
7
10
6
7
5
15
10
14
5
7
10
12
8
6
8
14
9
12
15
27
22
67
104
122
269
135
82
54
19
18
12
6
10
10
11
6
7
6
9
7
6
9
8
10
4
9
9
11
6
12
11
5
10
10
11
15
14
14
10
13
6
9
9
9
8
5
8
7
2
8
5
12
7
14
4
13
6
7
8
7
1
3
15
3
8
9
7
5
2
9
19
4
2
8
1
7
6
7
3
10
3
7
3
4
8
6
4
2
2
2
3
2
4
7
2
1
2
3
6
7
5
4
8
7
8
5
5
3
8
27
3
6
1
6
6
5
9
7
5
8
2
6
5
3
5
2
6
6
8
5
8
7
8
4
5
12
8
7
15
11
7
4
10
7
5
10
10
5
10
10
8
5
2
8
6
6
7
3
8
6
4
3
13
9
6
10
5
4
3
9
10
12
8
5
8
14
13
5
11
17
8
19
55
104
