1469
701
403
278
204
184
149
130
135
134
129
139
118
143
98
115
137
96
100
94
96
103
107
103
84
93
96
103
102
91
107
94
102
99
100
169
104
86
79
78
85
83
89
66
70
103
71
76
89
80
68
66
78
94
83
74
87
85
72
81
84
89
69
80
86
71
94
75
76
80
92
83
71
71
68
83
67
68
86
71
103
85
74
70
66
70
63
63
70
80
68
91
92
80
79
83
95
88
94
69
90
88
82
70
70
65
77
66
87
83
74
75
81
90
65
84
97
102
90
95
138
114
101
101
117
109
104
106
83
88
113
86
102
98
91
120
134
146
205
298
201
186
133
108
117
112
98
107
84
99
90
94
86
107
99
104
90
94
84
85
96
89
101
108
96
118
116
125
132
141
152
180
227
293
329
409
520
716
1004
1637
2815
1738
1091
667
536
410
336
260
223
199
148
139
125
111
110
114
112
95
97
88
98
99
90
98
94
84
85
86
76
75
81
95
82
102
106
112
104
113
139
172
198
272
206
150
126
116
107
83
100
86
80
98
90
91
102
80
147
115
98
106
147
101
87
109
102
81
67
71
65
80
76
72
72
76
64
71
73
72
74
90
84
86
87
90
88
73
84
75
67
88
73
89
94
76
88
73
83
89
84
77
90
79
86
80
77
70
89
76
73
81
80
100
81
84
81
72
96
98
86
102
83
62
78
80
74
78
71
66
86
94
86
82
86
75
75
86
74
92
115
65
92
70
90
98
100
166
82
88
104
90
92
105
93
104
101
116
97
115
115
87
115
111
101
119
139
133
111
126
143
128
116
138
126
125
153
192
218
288
374
716
