227
201
158
183
176
164
165
176
166
185
178
161
166
147
160
166
148
181
164
154
165
163
172
166
169
180
182
180
199
202
210
212
219
243
189
235
250
221
226
183
224
213
232
220
201
203
191
203
210
207
189
194
177
148
169
127
144
125
127
100
110
73
94
74
81
92
97
59
66
51
54
63
56
68
73
66
63
60
58
67
51
66
53
58
54
38
41
49
50
57
61
57
58
57
57
44
47
44
35
57
45
40
42
57
36
53
52
59
38
56
66
40
57
31
41
40
50
39
53
43
52
53
53
45
43
52
48
56
59
42
37
38
50
43
41
49
41
45
53
46
42
43
48
39
43
47
40
35
41
33
49
43
52
40
42
48
40
47
50
43
44
47
49
42
37
50
46
43
46
43
52
51
38
48
52
42
51
49
51
71
60
37
50
48
58
50
44
40
53
52
43
53
47
48
43
52
33
49
38
53
40
35
45
43
42
53
34
48
43
46
44
42
48
55
46
44
45
41
36
46
43
41
47
41
38
39
51
55
43
38
34
53
58
39
44
64
51
48
52
59
53
49
50
46
39
44
57
46
38
50
46
58
59
45
51
50
45
56
54
49
45
56
57
58
57
49
50
50
56
66
38
61
45
46
45
40
47
62
50
58
53
57
58
54
58
57
40
69
71
86
59
75
62
82
64
67
65
84
79
94
84
105
100
99
112
98
142
153
116
158
147
175
170
159
187
171
168
207
190
195
210
205
194
225
196
204
197
242
214
209
223
232
200
221
185
198
193
173
177
163
166
145
189
170
179
162
163
145
172
140
143
171
187
169
176
169
139
140
188
157
