1458
760
408
256
217
200
172
167
138
148
148
142
139
150
140
122
165
147
148
140
120
136
131
124
145
148
170
119
144
130
153
147
148
180
187
188
353
165
201
346
211
213
159
132
153
152
159
160
158
169
175
173
164
190
138
174
183
175
189
199
224
319
386
275
311
293
296
278
320
313
304
337
342
339
383
588
392
324
371
332
375
328
343
343
345
299
360
306
316
299
361
364
310
324
317
243
262
278
232
257
240
216
215
210
219
217
212
204
230
221
242
233
232
236
216
192
205
270
268
345
319
318
408
661
313
271
276
267
262
213
220
225
235
224
226
213
219
218
242
202
240
236
271
254
248
254
278
278
287
302
306
317
312
321
318
338
329
336
326
358
307
362
331
293
365
312
332
335
342
346
341
283
320
372
349
389
381
421
524
803
1139
797
546
449
392
372
360
331
293
287
302
278
284
276
280
284
271
253
300
305
337
316
324
327
332
326
308
322
337
312
286
283
323
281
276
265
260
268
271
252
235
249
212
192
227
232
227
223
201
211
244
215
244
264
267
258
317
611
406
311
360
312
281
254
246
222
228
222
205
226
272
241
230
227
236
226
233
228
215
218
245
285
263
214
245
260
284
282
315
323
311
282
336
326
330
361
326
400
359
375
346
362
365
379
424
647
454
396
397
355
386
352
318
309
305
292
269
297
330
367
272
231
220
221
169
187
167
170
187
175
159
150
151
145
152
154
152
139
193
201
197
333
206
199
395
211
193
167
170
147
168
148
131
159
115
142
156
152
132
143
136
121
145
147
147
156
128
139
135
144
147
145
173
153
196
212
211
275
370
690
