67
33
11
9
9
3
5
4
4
2
3
3
4
7
5
4
7
3
4
0
0
1
4
2
2
4
1
3
0
4
6
2
0
19
74
6
14
4
0
6
7
4
6
8
1
4
9
3
5
0
4
3
4
8
3
5
5
9
3
3
1
12
12
16
13
3
5
10
8
5
5
15
8
7
6
13
12
7
7
6
6
9
10
10
6
9
5
5
6
7
5
5
6
3
6
4
4
6
5
3
2
5
4
1
2
8
3
3
2
8
4
2
5
5
9
2
8
6
5
6
13
10
9
14
6
5
4
6
2
4
4
5
4
4
4
3
3
6
1
1
8
3
2
7
3
2
1
2
8
7
3
7
8
5
4
2
7
3
6
4
7
4
7
1
8
6
5
5
3
5
3
8
8
8
12
9
14
15
14
30
47
27
19
14
18
13
11
8
9
6
6
7
11
6
5
2
8
1
11
3
5
6
7
5
9
7
10
9
7
6
5
8
5
6
5
3
7
6
8
7
5
6
2
4
6
4
3
4
2
1
4
8
3
1
5
9
11
18
13
12
7
3
4
3
5
5
4
3
5
3
4
3
6
7
2
3
4
4
1
9
2
7
1
4
7
3
2
4
3
8
7
3
6
3
2
4
7
4
2
1
7
6
3
11
10
14
8
10
8
8
5
7
11
4
5
13
14
9
8
7
6
11
2
10
6
4
5
6
8
3
3
5
11
3
10
5
4
2
7
4
6
2
5
5
25
11
78
23
1
2
4
0
4
4
0
7
8
3
2
4
1
6
2
5
2
2
1
0
3
5
4
4
2
5
1
5
3
7
6
20
