1945
808
449
296
247
179
189
152
137
117
167
225
141
172
97
85
102
81
72
97
71
93
72
73
66
87
60
96
79
89
85
82
95
80
72
78
95
72
54
75
70
64
68
74
70
53
56
57
55
66
76
66
54
51
63
94
68
67
72
59
49
57
58
65
59
63
61
45
50
52
59
44
51
52
50
40
46
56
34
39
50
41
42
41
40
44
52
43
57
49
43
45
45
53
42
51
51
43
55
53
41
46
41
56
42
56
49
54
40
35
45
56
50
50
65
68
88
53
57
58
67
72
53
50
59
102
66
51
56
51
63
80
64
65
69
61
80
54
67
64
71
67
65
68
87
90
96
81
93
64
72
80
87
81
82
71
76
73
90
68
100
87
88
104
67
97
107
119
88
96
90
132
169
126
166
216
226
322
430
778
1807
729
463
315
264
179
181
145
131
129
113
117
89
136
84
83
79
94
74
79
81
90
95
94
81
90
80
75
91
87
71
73
76
89
73
84
67
68
80
62
53
78
58
78
76
76
61
64
67
69
78
60
55
60
87
93
77
64
60
55
53
60
69
63
63
57
33
47
50
54
53
42
54
36
32
54
42
38
48
35
45
38
47
46
47
35
40
48
55
50
43
53
52
57
41
41
39
60
45
45
47
41
39
53
47
43
48
42
54
48
50
60
63
66
60
60
74
62
57
50
67
51
57
55
61
77
70
57
55
59
56
58
54
57
58
70
61
75
64
72
77
84
63
78
73
95
79
83
79
70
75
83
93
100
72
73
90
81
74
70
85
90
104
93
93
100
111
130
109
115
103
115
205
234
278
301
244
291
409
799
