815
378
217
145
130
128
145
93
77
116
109
85
95
82
92
92
97
96
81
80
67
81
80
78
74
110
106
111
123
128
102
76
101
88
94
114
106
90
104
141
105
117
80
82
79
74
84
76
84
75
83
84
94
81
86
92
101
110
98
88
86
105
97
110
112
112
104
91
100
121
117
133
118
114
147
412
148
112
135
117
136
146
116
113
122
93
112
104
115
108
107
127
126
106
108
114
114
101
113
118
92
96
105
101
99
117
99
88
114
132
110
118
119
115
140
118
103
112
118
142
154
138
139
114
111
128
132
113
104
105
97
98
99
79
94
103
103
97
94
82
81
89
81
96
129
105
100
112
117
113
121
99
109
136
105
117
127
127
110
135
122
111
121
110
96
105
125
92
110
113
119
142
151
157
172
175
182
207
241
304
654
304
234
199
142
156
157
180
125
119
146
112
118
123
99
147
126
126
101
129
110
112
96
103
112
103
118
103
106
94
114
84
83
78
84
100
96
96
87
88
94
87
75
106
85
90
101
98
84
99
96
102
125
105
124
141
115
124
140
145
193
165
163
157
148
128
113
101
109
103
98
96
90
98
113
95
92
100
98
113
110
94
117
109
105
93
103
130
117
133
107
92
100
95
123
116
94
117
118
131
147
124
96
106
168
381
154
108
121
128
122
99
109
123
106
81
99
111
107
107
109
96
89
113
102
101
103
97
82
87
98
94
103
99
93
99
85
78
106
133
108
163
119
95
132
120
93
102
96
87
94
98
138
132
131
109
84
77
98
103
97
80
113
100
100
80
79
76
93
92
96
116
104
94
121
139
126
153
187
369
