110
124
105
93
77
69
57
59
55
44
48
58
44
59
46
50
36
43
50
51
38
44
47
40
49
38
37
55
47
61
51
42
54
45
44
62
53
40
51
44
37
33
34
36
35
46
32
25
32
42
37
37
40
32
40
43
31
28
42
31
44
32
38
39
30
33
25
23
32
29
37
27
29
41
21
23
19
30
23
26
21
25
23
26
33
30
23
39
22
23
23
26
31
25
27
34
25
28
28
24
29
22
26
23
13
27
29
32
31
33
33
26
20
27
26
24
18
28
29
22
23
17
14
36
23
30
25
17
20
32
25
23
19
23
20
23
18
24
17
26
24
27
22
24
26
17
25
23
23
14
17
20
21
22
27
27
22
17
27
30
26
22
14
22
32
26
16
19
30
27
28
23
25
26
27
29
32
19
38
38
26
30
25
27
38
16
33
23
27
26
21
26
29
16
23
25
31
22
23
22
34
29
28
17
22
23
27
22
20
13
25
30
19
31
15
22
23
13
21
17
21
19
28
30
28
19
23
24
22
17
22
18
30
21
23
25
24
18
25
19
27
21
31
32
30
19
22
30
25
28
26
24
24
33
21
27
14
23
24
24
21
24
28
31
27
25
19
33
28
32
22
17
27
32
16
21
23
30
31
27
31
16
23
32
21
23
33
38
28
22
30
34
35
32
30
40
36
26
23
36
30
35
29
33
44
37
38
44
26
37
28
34
29
33
37
36
46
40
39
49
41
49
50
52
36
44
49
43
36
43
35
58
49
47
31
44
43
52
38
45
41
51
46
48
52
51
63
57
71
52
48
55
67
53
71
50
65
78
100
117
