241
87
72
34
16
16
24
30
23
25
16
22
31
24
20
17
24
20
35
21
32
21
17
17
12
20
24
20
13
6
17
9
6
9
12
22
12
19
23
13
14
19
20
20
18
19
17
19
9
16
18
22
14
19
11
13
15
17
15
14
5
7
13
12
6
7
7
5
14
11
8
7
9
2
17
14
10
6
5
15
10
5
4
7
6
2
3
5
8
7
7
7
4
5
6
6
7
8
3
10
9
4
11
4
4
4
9
4
5
14
13
8
10
14
12
7
5
7
6
12
5
15
9
16
8
9
8
6
5
8
9
8
14
10
10
13
12
10
9
10
13
8
12
15
8
14
11
14
11
5
10
14
10
22
18
24
13
19
12
17
13
26
23
12
19
14
16
12
18
20
33
26
25
37
27
21
30
22
31
78
442
66
27
22
18
16
22
31
41
26
22
22
33
20
19
17
15
14
13
16
17
17
13
12
27
14
14
6
9
6
12
11
4
9
14
12
8
13
18
20
15
13
19
8
18
12
19
10
14
14
5
8
6
5
5
10
8
8
10
7
13
6
9
7
6
5
1
7
6
6
3
9
9
12
7
7
6
2
10
6
9
8
6
6
7
6
2
3
6
7
6
9
6
10
7
4
5
7
6
6
5
8
3
4
12
8
5
5
3
10
10
7
9
3
10
5
10
4
6
9
6
11
8
6
13
6
11
11
12
9
9
11
11
15
14
13
12
15
16
10
14
12
11
29
18
11
15
8
8
18
13
19
19
8
14
14
9
7
14
16
10
16
16
11
25
9
14
15
21
19
18
24
26
21
22
20
24
41
22
65
