692
173
89
60
47
45
33
32
28
37
22
17
16
18
23
10
12
16
12
8
11
16
11
16
10
8
15
20
18
12
9
17
14
13
10
11
11
10
10
16
15
14
9
10
12
8
12
9
12
11
8
11
22
13
9
16
11
8
15
14
9
15
17
12
9
14
14
8
12
12
12
14
15
16
22
40
11
7
18
15
28
17
12
13
15
2
8
5
15
16
11
5
7
11
7
7
5
10
16
12
12
6
5
7
8
11
3
7
6
7
6
3
11
5
3
10
7
11
15
14
20
17
14
11
10
19
16
11
11
14
4
10
12
10
12
9
7
9
8
13
14
13
17
15
16
12
14
17
15
9
9
15
13
20
13
19
10
25
16
20
22
12
20
12
24
20
13
20
14
22
21
23
30
23
34
45
57
78
102
193
611
231
100
66
53
47
34
27
28
20
19
27
23
19
20
23
28
17
17
11
10
17
22
8
9
10
14
10
13
12
9
10
9
10
7
16
12
17
10
11
13
11
11
7
10
15
14
13
9
12
7
12
12
12
20
21
15
14
10
16
19
11
11
12
12
8
7
11
8
12
18
3
9
5
4
4
9
14
7
8
12
11
11
9
9
8
10
12
10
13
7
13
13
9
5
3
14
12
17
14
24
16
21
14
13
44
15
21
17
16
12
10
7
2
13
12
10
10
8
12
11
11
13
17
16
17
16
10
10
13
15
8
8
6
4
10
11
14
9
17
10
15
14
13
10
6
14
13
18
13
14
22
10
12
13
16
14
13
16
14
22
11
18
20
14
18
22
15
23
29
30
29
21
37
37
33
37
64
92
172
