352
218
122
76
95
65
64
41
39
39
33
29
22
15
31
33
27
29
35
18
21
16
24
24
23
27
24
21
28
41
27
24
33
102
45
28
34
28
30
33
19
32
20
23
20
21
29
18
25
20
6
25
28
18
17
13
19
9
12
11
18
22
22
28
16
15
23
14
17
21
29
8
17
14
14
15
20
13
16
15
10
19
19
17
15
32
21
23
26
28
22
21
31
21
27
19
19
22
17
10
15
25
17
18
18
13
26
23
29
23
23
24
26
19
27
26
25
51
63
73
40
32
34
30
28
40
27
20
26
28
26
27
17
31
18
16
22
28
38
23
26
39
26
22
29
25
24
31
31
25
21
28
27
23
30
22
33
17
35
25
22
22
32
19
35
21
28
42
46
46
58
41
59
64
69
69
89
81
125
213
484
239
115
96
83
62
58
57
58
55
38
36
30
40
41
30
25
28
23
34
38
29
35
27
33
30
28
25
31
25
31
17
24
27
30
24
17
28
35
31
28
36
27
24
26
22
20
21
24
25
25
17
27
33
32
23
19
18
28
35
59
74
64
57
25
28
32
20
18
23
13
16
20
16
21
24
25
17
12
23
29
23
25
17
19
22
20
23
20
23
18
17
18
24
22
19
24
13
12
17
13
19
10
11
21
28
20
18
24
16
24
22
22
22
21
24
14
29
23
17
22
13
23
15
16
20
26
21
16
18
19
13
21
16
15
16
14
28
18
37
35
25
51
39
40
43
54
77
27
25
28
24
27
37
30
24
22
26
25
18
27
28
26
24
23
29
24
32
36
26
33
45
53
49
55
60
76
89
133
216
