817
177
65
47
17
14
10
12
7
12
20
13
8
6
14
11
7
19
11
13
8
3
6
4
3
10
5
6
2
5
3
5
3
5
5
10
8
8
9
11
11
10
7
6
6
6
6
11
8
11
9
8
10
2
14
9
18
4
7
5
12
3
7
5
5
6
4
5
1
9
5
7
1
6
6
10
5
6
2
2
1
3
3
4
6
1
11
8
6
6
9
9
5
6
2
5
4
3
3
6
4
3
4
8
8
7
14
8
15
8
6
5
9
9
12
9
7
12
5
9
10
13
11
2
9
8
11
8
4
7
12
14
9
11
15
10
9
10
6
8
10
6
8
9
8
11
10
4
5
9
17
13
17
14
13
14
10
8
5
3
13
4
7
4
5
3
6
9
9
6
4
8
8
11
4
12
26
24
43
129
392
132
35
30
13
10
9
15
9
8
8
6
4
0
7
5
6
5
9
6
2
1
5
13
7
7
8
9
13
8
16
16
5
5
6
14
14
9
9
16
10
9
7
9
12
10
10
22
20
13
16
14
18
16
14
15
18
11
15
11
6
12
12
6
7
18
13
6
8
6
4
2
6
4
3
4
10
4
7
8
6
7
2
4
5
0
2
3
9
4
6
4
5
10
3
5
6
2
2
2
5
4
4
5
1
3
7
14
11
10
12
5
16
12
13
6
11
9
4
7
9
3
14
6
5
10
9
11
9
10
13
21
13
15
8
16
11
11
5
2
9
5
9
4
6
4
4
10
9
15
6
3
7
6
8
2
4
5
6
6
8
11
11
15
6
7
13
9
7
16
13
26
28
14
20
15
22
31
44
170
