978
653
359
265
197
158
142
121
90
76
92
85
75
60
51
48
42
37
36
34
40
21
31
30
31
34
48
45
34
25
42
42
68
321
159
103
107
70
51
40
54
54
44
43
40
32
41
23
23
22
35
20
24
43
26
31
28
24
30
50
21
39
48
60
39
49
29
46
32
25
41
46
29
22
32
27
17
23
37
21
30
27
42
21
33
33
36
31
51
39
31
42
41
47
33
35
42
26
30
38
30
29
27
21
25
32
25
27
35
35
32
50
38
25
33
48
51
286
198
224
127
107
87
64
45
41
30
36
32
50
34
42
28
36
32
44
34
36
40
26
45
25
21
42
46
35
40
35
40
38
41
39
39
49
44
57
70
67
60
61
56
44
29
55
57
58
44
52
60
66
71
63
83
102
106
112
97
119
212
351
948
364
193
124
121
95
97
85
67
66
81
60
69
36
63
32
55
47
53
43
59
62
48
49
65
52
44
30
31
41
31
36
43
38
38
29
36
34
33
31
27
28
44
35
27
21
35
35
27
34
31
24
47
41
53
42
41
53
74
114
137
250
194
272
68
50
40
35
40
49
28
25
34
28
21
39
37
42
35
29
21
25
29
28
36
40
42
35
43
48
40
46
34
29
30
28
27
24
27
34
31
15
21
37
27
34
30
39
22
38
37
36
42
46
46
43
59
52
55
45
56
32
49
45
52
44
42
43
31
62
148
36
30
27
21
45
51
35
43
60
71
48
55
54
97
108
148
320
64
35
35
32
50
50
36
35
36
39
40
41
48
38
42
47
48
65
63
74
87
87
76
112
112
121
142
170
212
244
349
605
