369
258
232
266
229
230
231
205
185
171
207
199
193
186
192
160
164
176
168
140
142
171
158
147
158
132
157
169
160
150
147
140
138
153
128
138
139
146
147
155
168
171
156
158
156
169
170
185
208
177
176
176
220
229
255
269
355
441
472
455
452
410
438
430
391
332
245
246
232
190
187
169
169
155
158
138
141
132
100
125
117
114
123
98
107
99
106
110
85
89
104
109
110
106
90
81
108
73
103
86
92
88
71
67
72
95
84
82
71
75
72
71
86
69
67
68
85
90
83
88
91
76
79
94
95
99
80
69
82
77
63
65
77
66
77
59
76
73
78
80
74
97
83
75
82
96
91
103
85
90
81
83
99
101
87
85
97
108
96
98
114
133
120
119
118
101
135
138
160
135
156
192
180
175
231
296
321
302
436
477
571
504
393
329
270
268
274
193
208
190
171
154
148
140
126
137
126
100
112
114
101
111
86
98
100
94
106
92
88
103
100
89
92
84
90
79
83
79
84
76
80
76
81
79
63
88
71
79
83
73
78
75
87
71
80
81
84
88
95
77
74
77
86
98
93
65
72
87
78
78
86
74
94
79
78
72
71
80
98
83
80
88
87
76
96
79
93
101
101
97
102
121
95
106
118
87
114
105
96
118
126
145
135
141
146
167
121
145
152
189
178
179
189
229
272
342
390
441
409
423
429
489
451
403
376
286
258
216
242
222
218
181
175
171
173
161
154
158
166
151
165
149
166
171
124
160
169
155
148
133
153
145
146
146
125
128
156
159
163
136
152
174
161
168
151
201
187
184
196
202
186
196
196
243
229
225
207
239
232
237
