136
82
38
22
24
17
8
11
11
7
4
4
8
2
7
8
7
5
4
6
6
4
2
4
1
5
8
1
6
5
6
13
5
4
12
5
42
21
4
7
11
4
5
7
4
6
4
4
4
4
7
10
2
14
5
9
8
0
5
8
10
6
11
9
4
7
13
4
5
7
10
12
8
13
8
11
9
7
8
15
6
8
16
7
9
11
8
8
9
13
9
8
10
14
10
8
10
6
7
8
16
10
11
11
7
7
9
8
9
7
5
10
6
6
6
5
1
7
5
8
5
6
6
5
13
5
7
5
3
6
6
4
8
7
3
2
7
10
5
5
5
8
7
6
3
8
5
5
5
4
2
3
3
4
3
5
3
5
5
7
3
3
3
13
5
6
10
8
13
6
6
4
13
24
19
21
19
25
40
69
122
69
37
25
18
21
18
16
21
5
12
6
9
2
2
11
3
7
7
5
7
8
4
5
4
5
5
5
2
4
7
7
6
4
7
5
8
5
1
6
1
2
4
5
4
8
4
4
3
5
3
7
4
3
4
3
7
6
8
14
11
7
4
4
5
3
2
6
6
2
5
11
15
4
6
16
7
16
9
6
12
16
8
7
7
5
12
7
12
12
11
12
8
14
12
9
13
9
11
9
6
6
14
6
12
10
14
4
12
10
5
8
4
7
10
4
2
6
6
6
11
1
3
5
5
6
5
2
4
3
4
1
3
5
6
9
4
2
9
6
6
10
2
19
38
10
14
7
5
3
4
2
7
5
4
5
6
8
3
12
8
8
6
9
10
5
7
6
4
7
6
7
11
8
6
15
24
20
32
71
