2203
606
297
197
130
105
95
112
93
102
80
85
87
69
90
63
64
93
93
76
78
63
58
63
56
70
65
73
65
51
57
57
45
59
54
65
49
59
60
61
56
62
53
54
49
56
55
49
57
47
58
58
64
54
50
49
56
42
52
49
34
32
51
46
39
35
40
32
46
49
46
44
40
39
65
83
39
29
43
49
57
38
36
29
40
18
38
33
44
44
43
35
28
37
30
29
42
40
39
42
42
24
31
31
38
50
39
30
39
44
43
40
51
40
44
37
38
47
41
54
59
60
54
43
40
50
54
50
40
43
42
48
54
49
57
50
48
47
40
44
56
42
49
51
56
56
51
52
63
48
69
71
57
89
73
85
63
88
53
68
75
73
77
66
86
66
75
74
77
80
98
89
99
113
108
133
174
193
279
600
1890
624
259
191
139
115
112
111
118
97
92
85
104
74
81
81
86
73
70
66
56
76
75
64
69
52
61
56
55
44
63
57
33
42
44
57
50
65
54
58
52
49
59
41
58
55
65
69
54
64
45
56
51
44
59
52
55
55
48
55
60
42
44
41
44
47
40
39
40
44
42
30
41
36
29
36
40
32
35
32
42
35
32
35
39
28
29
40
44
41
34
46
38
41
28
24
38
32
41
32
43
45
48
43
34
67
38
51
51
44
47
39
42
23
46
49
47
34
29
41
42
39
46
38
56
48
50
48
44
43
48
61
47
55
45
61
49
50
50
56
56
56
53
64
49
43
71
49
65
73
58
68
57
45
53
52
56
58
59
64
60
65
73
70
79
62
88
73
83
97
88
112
106
103
110
99
123
202
236
562
