1268
558
318
226
193
162
188
125
115
148
146
114
120
115
115
126
132
121
106
106
87
98
104
102
98
136
138
134
170
162
123
94
128
128
143
172
178
145
157
186
145
173
111
113
106
103
110
109
128
97
112
114
122
118
126
128
136
146
129
135
121
150
136
174
174
155
160
144
145
182
152
179
160
160
199
478
197
163
173
160
170
175
167
148
151
122
144
148
148
143
147
174
157
137
147
153
156
133
154
202
132
128
142
158
143
158
159
129
171
168
150
147
150
140
166
146
137
156
159
185
209
166
183
162
154
167
163
144
134
117
126
123
127
113
126
137
131
128
117
113
110
129
116
128
146
135
131
135
150
147
159
137
136
164
129
159
166
161
149
174
157
156
166
158
132
149
158
133
151
154
148
186
197
206
232
228
242
305
345
452
844
449
348
286
214
206
195
226
166
161
181
146
158
170
141
180
155
156
135
165
136
154
124
131
150
139
143
137
135
126
147
119
112
108
108
136
127
119
109
114
116
118
97
121
111
121
135
125
106
135
131
138
160
145
169
165
160
152
188
203
236
214
209
208
196
171
158
159
145
148
142
135
119
130
152
125
132
149
119
152
141
132
148
136
137
124
152
178
161
175
156
136
136
133
165
159
131
152
163
173
205
182
132
151
217
455
201
162
171
180
165
158
170
182
163
135
158
157
144
160
149
144
127
156
129
139
140
130
125
109
126
124
130
124
122
130
125
105
139
181
144
210
166
156
207
175
152
138
122
114
137
129
174
157
156
138
110
99
124
134
116
101
132
123
126
116
109
110
135
122
137
161
146
152
165
182
182
226
321
510
