13697
12105
11769
11566
11565
11490
11254
10831
10705
10466
9988
9849
9374
9072
8862
8767
8202
8002
7964
7656
7488
7470
7329
7179
7063
7010
6845
6688
6605
6556
6275
6224
6193
6325
6505
6318
6202
6359
6414
6384
6608
6666
6789
6896
7085
7353
7580
8151
8471
8926
9714
10517
11004
12020
13189
14073
14214
15380
16643
17770
18132
17503
16287
15774
14093
13608
12649
11217
10379
9584
8949
8167
7531
7287
6894
6418
6117
5754
5393
5260
4860
4872
4685
4552
4319
4266
4127
4085
3991
3817
3946
3850
3876
3819
3794
3642
3774
3607
3659
3640
3475
3362
3318
3289
3278
3414
3234
3217
3215
3210
3140
3054
3192
2946
3012
2984
3094
3059
3114
3204
3116
2973
3061
3011
2907
2888
2957
2845
2852
2853
2890
2845
2936
2900
2891
2882
3002
2883
3031
3036
3079
3039
3065
3156
3017
3147
3169
3172
3076
3237
3161
3280
3227
3363
3415
3559
3671
3815
3779
4021
4027
4303
4529
4599
5070
5259
5629
6056
6482
7045
7650
8534
9263
9733
11302
12131
12544
13751
14826
16338
19158
16308
14956
13938
12744
12028
11340
10000
9394
8655
7900
7229
6700
6224
6033
5338
5077
4635
4412
4308
4015
4011
3822
3678
3619
3551
3550
3483
3471
3272
3182
3214
3205
3240
3129
3151
3113
3053
3077
3030
3009
2982
2940
2907
3022
2914
2928
2832
2853
2811
2847
2885
2834
2909
2934
2889
2997
2928
3063
2996
2953
3114
3020
3109
3037
3112
3133
3020
3117
3134
3050
3186
3177
3180
3308
3221
3384
3342
3425
3374
3491
3618
3520
3738
3701
3641
3817
3699
3793
3940
3974
4039
4011
4114
4310
4404
4520
4643
4708
4828
5059
5132
5446
5716
5850
6301
6589
7023
7388
8015
8723
9551
10321
11240
12290
13481
14203
15073
16242
17412
18226
17949
16535
15632
14594
14376
13172
12025
11154
10492
9705
9512
8648
8394
7927
7455
7069
7022
6843
6706
6584
6507
6413
6493
6214
6348
6323
6343
6214
6236
6370
6429
6644
6678
6762
6718
7044
7166
7236
7394
7428
7789
7950
8166
8352
8856
8909
9119
9569
9960
10020
10376
10729
10917
11147
11498
11441
11567
11793
11953
