15004
7582
5637
5228
4827
4661
4257
4255
4289
3991
4247
3990
3983
3822
3924
3803
3735
3605
3724
3682
3610
3650
3508
3598
3649
3643
3637
3708
3718
3701
3665
3694
3694
3708
3585
3399
3702
3842
3627
3688
3640
3688
3354
3350
3334
3356
3319
3246
3201
3276
3334
3348
3174
3232
3260
3406
3400
3405
3472
3629
3969
4537
4150
3542
3125
3111
3021
2903
2919
2945
2924
2910
2842
2830
2826
3014
2713
2751
2714
2700
2615
2694
2566
2662
2672
2677
2734
2747
2775
2724
2715
2685
2604
2604
2539
2668
2719
2536
2598
2509
2485
2572
2474
2513
2533
2504
2509
2559
2442
2419
2398
2418
2377
2431
2374
2454
2462
2528
2713
2727
2860
2802
2684
2608
2542
2501
2427
2374
2447
2512
2364
2363
2476
2374
2470
2431
2478
2587
2385
2364
2437
2391
2370
2521
2460
2412
2453
2430
2472
2542
2591
2566
2482
2451
2425
2438
2479
2522
2528
2345
2251
2421
2390
2406
2423
2390
2441
2400
2429
2586
2604
2590
2610
2644
2851
2928
3402
3736
4719
6932
11905
7016
4646
3883
3419
3100
2817
2678
2624
2559
2617
2448
2463
2315
2442
2457
2353
2346
2428
2394
2369
2385
2452
2398
2513
2480
2357
2526
2506
2551
2406
2528
2535
2538
2569
2422
2389
2423
2431
2433
2483
2526
2446
2456
2454
2434
2455
2491
2448
2443
2413
2418
2527
2378
2548
2480
2577
2578
2663
2787
2891
2788
2697
2507
2455
2321
2399
2418
2449
2404
2493
2489
2409
2529
2490
2490
2574
2539
2518
2496
2606
2616
2635
2612
2647
2664
2602
2726
2711
2692
2878
2769
2642
2654
2702
2662
2653
2633
2684
2686
2654
2781
2730
2790
2807
3048
2859
2832
2861
2898
2958
2900
2941
3072
3172
3233
3310
3580
4298
4502
4139
3710
3622
3419
3459
3236
3266
3287
3259
3309
3291
3302
3346
3369
3397
3363
3357
3381
3370
3638
3637
3589
3623
3842
3685
3615
3566
3579
3634
3606
3712
3756
3667
3688
3679
3519
3752
3679
3583
3569
3644
3871
3704
3807
3712
3914
3946
3816
3877
4039
3967
4081
4148
4412
4362
4533
4735
5096
5775
7552
