15544
8780
5348
3650
2951
2603
2245
1937
1734
1581
1512
1494
1399
1406
1219
1245
1182
1090
1138
1007
1008
950
999
955
928
999
1014
958
930
923
922
970
1023
976
1109
1266
946
921
949
880
1188
964
1246
1015
803
782
815
751
775
748
773
668
708
743
728
688
684
707
724
742
751
736
739
721
674
758
715
671
713
714
723
659
715
652
680
891
673
682
639
581
658
639
611
620
644
693
632
587
629
605
626
690
705
743
660
658
695
673
664
670
661
682
640
646
667
661
676
648
667
657
656
607
729
604
636
678
725
696
765
832
1035
1261
996
849
809
802
836
949
1263
925
844
751
762
754
691
765
747
799
939
1006
968
752
764
743
757
799
801
774
755
779
783
816
812
819
800
835
925
858
951
816
887
971
884
982
979
1110
1024
1200
1160
1244
1309
1519
1679
1810
2156
2471
2885
3675
4981
7762
13355
7867
5178
3620
2963
2404
2027
1810
1610
1391
1265
1148
1125
1193
995
1115
1124
969
898
915
907
878
939
848
856
850
844
809
834
793
728
746
721
729
718
758
683
754
766
830
907
993
897
839
815
776
759
707
732
755
823
901
1306
931
820
806
867
904
983
1265
1041
870
721
740
661
650
674
655
649
624
645
623
625
608
638
651
632
609
687
613
720
581
605
646
648
688
652
675
688
709
687
630
624
646
643
644
645
645
654
654
636
616
640
678
695
838
686
719
692
677
704
718
693
682
706
704
748
729
771
738
791
728
720
762
714
763
775
731
744
774
738
734
725
730
735
851
913
1052
1308
1004
1181
897
965
1028
954
1240
1113
974
1003
928
941
1022
945
967
989
973
921
951
983
986
961
1042
1146
1088
1150
1211
1252
1305
1352
1373
1488
1628
1826
2099
2348
2703
2935
3742
5258
8572
